1 0 141
2 142 1191
3 1192 2297
4 2298 4478
5 4479 6430
6 6431 12657
7 12658 13308
8 13309 16409
9 16410 17687
10 17688 20009
11 20010 21143
12 21144 24644
13 24645 28777
14 28778 33126
15 33127 39435
16 39436 43211
17 43212 43944
18 43945 48242
19 48243 52344
20 52345 52902
21 52903 53922
22 53923 55527
23 55528 59203
24 59204 62813
25 62814 67638
26 67639 70357
27 70358 72457
28 72458 75609
29 75610 76432
30 76433 79601
31 79602 82007
32 82008 84702
33 84703 87273
34 87274 91365
35 91366 93428
36 93429 95311
37 95312 99768
38 99769 101212
39 101213 105658
40 105659 109561
41 109562 115263
42 115264 119815
43 119816 122375
44 122376 125844
45 125845 128578
46 128579 129363
47 129364 138500
48 138501 145335
49 145336 147561
50 147562 150103
51 150104 152515
52 152516 153883
53 153884 156850
54 156851 167043
55 167044 168341
56 168342 172331
57 172332 173477
58 173478 173955
59 173956 184772
60 184773 186629
61 186630 190014
62 190015 193378
63 193379 203092
64 203093 205298
65 205299 206431
66 206432 207233
67 207234 208309
68 208310 210163
69 210164 218706
70 218707 222183
71 222184 228550
72 228551 233386
73 233387 239018
74 239019 240746
75 240747 246128
76 246129 247841
77 247842 249573
78 249574 256397
79 256398 259203
80 259204 260721
81 260722 262809
82 262810 265411
83 265412 268010
84 268011 271812
85 271813 274509
86 274510 277274
87 277275 279730
88 279731 281304
89 281305 282469
90 282470 283626
91 283627 284791
92 284792 285931
93 285932 294031
94 294032 299597
95 299598 300937
96 300938 302961
97 302962 307736
98 307737 314541
99 314542 322747
100 322748 326684
101 326685 327949
102 327950 336826
103 336827 342863
104 342864 344944
105 344945 349420
106 349421 351383
107 351384 353804
108 353805 355093
109 355094 358035
110 358036 360211
111 360212 363244
112 363245 365859
113 365860 367392
114 367393 370820
115 370821 372495
116 372496 378888
117 378889 381375
118 381376 383549
119 383550 388642
120 388643 397231
121 397232 402442
122 402443 403926
123 403927 406413
124 406414 408796
125 408797 410637
126 410638 414161
127 414162 418109
128 418110 418567
129 418568 421050
130 421051 423155
131 423156 425608
132 425609 428285
133 428286 436304
134 436305 441555
135 441556 447524
136 447525 452105
137 452106 454622
138 454623 457127
139 457128 464563
140 464564 466362
141 466363 468304
142 468305 468962
143 468963 469461
144 469462 470083
145 470084 472677
146 472678 475213
147 475214 477152
148 477153 482943
149 482944 484997
150 484998 488839
151 488840 491244
152 491245 492839
153 492840 495869
154 495870 497666
155 497667 505994
156 505995 507711
157 507712 507857
158 507858 509828
159 509829 511405
160 511406 513981
161 513982 516004
162 516005 519772
163 519773 520730
164 520731 521953
165 521954 523895
166 523896 525349
167 525350 529176
168 529177 534910
169 534911 537166
170 537167 540084
171 540085 541604
172 541605 547370
173 547371 550044
174 550045 551347
175 551348 552628
176 552629 553978
177 553979 561949
178 561950 563677
179 563678 566523
180 566524 567781
181 567782 569227
182 569228 574367
183 574368 577424
184 577425 578736
185 578737 581540
186 581541 582999
187 583000 583944
188 583945 586735
189 586736 588245
190 588246 589168
191 589169 592184
192 592185 593422
193 593423 602217
194 602218 604841
195 604842 606481
196 606482 608731
197 608732 610737
198 610738 617006
199 617007 619100
200 619101 620682
201 620683 623845
202 623846 626544
203 626545 629442
204 629443 630494
205 630495 631928
206 631929 637449
207 637450 641083
208 641084 643179
209 643180 649003
210 649004 655799
211 655800 657035
212 657036 658570
213 658571 658942
214 658943 661156
215 661157 664117
216 664118 665352
217 665353 666289
218 666290 668172
219 668173 671154
220 671155 678055
221 678056 680731
222 680732 682309
223 682310 684092
224 684093 685812
225 685813 694786
226 694787 700411
227 700412 706094
228 706095 711594
229 711595 718351
230 718352 720439
231 720440 739910
232 739911 747605
233 747606 749439
234 749440 750691
235 750692 753741
236 753742 755613
237 755614 758320
238 758321 762509
239 762510 763936
240 763937 764545
241 764546 771131
242 771132 773561
243 773562 775404
244 775405 778765
245 778766 780668
246 780669 794441
247 794442 794997
248 794998 796651
249 796652 799696
250 799697 802078
251 802079 804924
252 804925 823312
253 823313 826026
254 826027 826772
255 826773 832743
256 832744 836090
257 836091 845054
258 845055 849090
259 849091 851152
260 851153 854595
261 854596 862204
262 862205 864857
263 864858 867607
264 867608 877288
265 877289 896646
266 896647 899775
267 899776 902541
268 902542 907930
269 907931 910204
270 910205 914484
271 914485 921093
272 921094 922076
273 922077 926978
274 926979 935279
275 935280 940647
276 940648 947346
277 947347 948289
278 948290 952097
279 952098 955069
280 955070 958676
281 958677 961239
282 961240 964962
283 964963 969671
284 969672 979324
285 979325 988984
286 988985 1000536
287 1000537 1002712
288 1002713 1007531
289 1007532 1010572
290 1010573 1012243
291 1012244 1018052
292 1018053 1020106
293 1020107 1022052
294 1022053 1030467
295 1030468 1039285
296 1039286 1042066
297 1042067 1046582
298 1046583 1049753
299 1049754 1051720
300 1051721 1062392
301 1062393 1068697
302 1068698 1073603
303 1073604 1078932
304 1078933 1080275
305 1080276 1082154
306 1082155 1085782
307 1085783 1089509
308 1089510 1092065
309 1092066 1099776
310 1099777 1106804
311 1106805 1113315
312 1113316 1122140
313 1122141 1125316
314 1125317 1128152
315 1128153 1130021
316 1130022 1137107
317 1137108 1140544
318 1140545 1143220
319 1143221 1144408
320 1144409 1156070
321 1156071 1166936
322 1166937 1176863
323 1176864 1183825
324 1183826 1192787
325 1192788 1195105
326 1195106 1195650
327 1195651 1198450
328 1198451 1199098
329 1199099 1203423
330 1203424 1205770
331 1205771 1214988
332 1214989 1221534
333 1221535 1223121
334 1223122 1230560
335 1230561 1233318
336 1233319 1241027
337 1241028 1245527
338 1245528 1248492
339 1248493 1254827
340 1254828 1264106
341 1264107 1267105
342 1267106 1271516
343 1271517 1275439
344 1275440 1277180
345 1277181 1283723
346 1283724 1289223
347 1289224 1294482
348 1294483 1302537
349 1302538 1304400
350 1304401 1307245
351 1307246 1307392
352 1307393 1308711
353 1308712 1314252
354 1314253 1315516
355 1315517 1317496
356 1317497 1320184
357 1320185 1322628
358 1322629 1323791
359 1323792 1330635
360 1330636 1333828
361 1333829 1336448
362 1336449 1341716
363 1341717 1343657
364 1343658 1346253
365 1346254 1351054
366 1351055 1355808
367 1355809 1360321
368 1360322 1363435
369 1363436 1371156
370 1371157 1376995
371 1376996 1380550
372 1380551 1383920
373 1383921 1386312
374 1386313 1389833
375 1389834 1392034
376 1392035 1394100
377 1394101 1403315
378 1403316 1408751
379 1408752 1416303
380 1416304 1421771
381 1421772 1426657
382 1426658 1434951
383 1434952 1446930
384 1446931 1453289
385 1453290 1454749
386 1454750 1456634
387 1456635 1461961
388 1461962 1464941
389 1464942 1465639
390 1465640 1469857
391 1469858 1470700
392 1470701 1473876
393 1473877 1474637
394 1474638 1475585
395 1475586 1479841
396 1479842 1481144
397 1481145 1482979
398 1482980 1484155
399 1484156 1485819
400 1485820 1486725
401 1486726 1489251
402 1489252 1493663
403 1493664 1498373
404 1498374 1499511
405 1499512 1501781
406 1501782 1502765
407 1502766 1504765
408 1504766 1505686
409 1505687 1506907
410 1506908 1508418
411 1508419 1509000
412 1509001 1512993
413 1512994 1514469
414 1514470 1519308
415 1519309 1521818
416 1521819 1523912
417 1523913 1526428
418 1526429 1528695
419 1528696 1532207
420 1532208 1533907
421 1533908 1535057
422 1535058 1537691
423 1537692 1539744
424 1539745 1541667
425 1541668 1545985
426 1545986 1560609
427 1560610 1562759
428 1562760 1569372
429 1569373 1583128
430 1583129 1586859
431 1586860 1591491
432 1591492 1595156
433 1595157 1600853
434 1600854 1602569
435 1602570 1611690
436 1611691 1615702
437 1615703 1617619
438 1617620 1627408
439 1627409 1633920
440 1633921 1636398
441 1636399 1640952
442 1640953 1648528
443 1648529 1650639
444 1650640 1654369
445 1654370 1658707
446 1658708 1659818
447 1659819 1662057
448 1662058 1662191
449 1662192 1666532
450 1666533 1672017
451 1672018 1675058
452 1675059 1677831
453 1677832 1681597
454 1681598 1683745
455 1683746 1687777
456 1687778 1700940
457 1700941 1703479
458 1703480 1705422
459 1705423 1709069
460 1709070 1712959
461 1712960 1716859
462 1716860 1718780
463 1718781 1724243
464 1724244 1731144
465 1731145 1733677
466 1733678 1738284
467 1738285 1739812
468 1739813 1742321
469 1742322 1745019
470 1745020 1745858
471 1745859 1751244
472 1751245 1751538
473 1751539 1752401
474 1752402 1756003
475 1756004 1761954
476 1761955 1763217
477 1763218 1764627
478 1764628 1767039
479 1767040 1769267
480 1769268 1773069
481 1773070 1777155
482 1777156 1778109
483 1778110 1781072
484 1781073 1782237
485 1782238 1784046
486 1784047 1786074
487 1786075 1789226
488 1789227 1796395
489 1796396 1805033
490 1805034 1809025
491 1809026 1813048
492 1813049 1817701
493 1817702 1821630
494 1821631 1822813
495 1822814 1827055
496 1827056 1829789
497 1829790 1831531
498 1831532 1832635
499 1832636 1836701
500 1836702 1840603
501 1840604 1843519
502 1843520 1844835
503 1844836 1848027
504 1848028 1855744
505 1855745 1874844
506 1874845 1877067
507 1877068 1880878
508 1880879 1882551
509 1882552 1886830
510 1886831 1895710
511 1895711 1898880
512 1898881 1912283
513 1912284 1916054
514 1916055 1922455
515 1922456 1931192
516 1931193 1936986
517 1936987 1939179
518 1939180 1940419
519 1940420 1944309
520 1944310 1946000
521 1946001 1949466
522 1949467 1952298
523 1952299 1958617
524 1958618 1960450
525 1960451 1967231
526 1967232 1970931
527 1970932 1981392
528 1981393 1985981
529 1985982 1989532
530 1989533 1996011
531 1996012 2005676
532 2005677 2007295
533 2007296 2010099
534 2010100 2014685
535 2014686 2023425
536 2023426 2025037
537 2025038 2029879
538 2029880 2034894
539 2034895 2041454
540 2041455 2045709
541 2045710 2054374
542 2054375 2058430
543 2058431 2065982
544 2065983 2104570
545 2104571 2122462
546 2122463 2127773
547 2127774 2130562
548 2130563 2141123
549 2141124 2144926
550 2144927 2149674
551 2149675 2155102
552 2155103 2159948
553 2159949 2165214
554 2165215 2171960
555 2171961 2178465
556 2178466 2183164
557 2183165 2187334
558 2187335 2196307
559 2196308 2204732
560 2204733 2210235
561 2210236 2214527
562 2214528 2221991
563 2221992 2229916
564 2229917 2235584
565 2235585 2240069
566 2240070 2245049
567 2245050 2251402
568 2251403 2254903
569 2254904 2259167
570 2259168 2267406
571 2267407 2275289
572 2275290 2283312
573 2283313 2290642
574 2290643 2292291
575 2292292 2297563
576 2297564 2314032
577 2314033 2318660
578 2318661 2328129
579 2328130 2333458
580 2333459 2339033
581 2339034 2357484
582 2357485 2362868
583 2362869 2366287
584 2366288 2377782
585 2377783 2385679
586 2385680 2387826
587 2387827 2390717
588 2390718 2394403
589 2394404 2414200
590 2414201 2418518
591 2418519 2422060
592 2422061 2434645
593 2434646 2441450
594 2441451 2467257
595 2467258 2478505
596 2478506 2485620
597 2485621 2491588
598 2491589 2497960
599 2497961 2521571
600 2521572 2521719
601 2521720 2523354
602 2523355 2526186
603 2526187 2527145
604 2527146 2528281
605 2528282 2543870
606 2543871 2550314
607 2550315 2552934
608 2552935 2555730
609 2555731 2564780
610 2564781 2568363
611 2568364 2571928
612 2571929 2575334
613 2575335 2577448
614 2577449 2580821
615 2580822 2581262
616 2581263 2583820
617 2583821 2586740
618 2586741 2600681
619 2600682 2602499
620 2602500 2606618
621 2606619 2609598
622 2609599 2610538
623 2610539 2611237
624 2611238 2631398
625 2631399 2635255
626 2635256 2663902
627 2663903 2668127
628 2668128 2675539
629 2675540 2684881
630 2684882 2704575
631 2704576 2705536
632 2705537 2706163
633 2706164 2708498
634 2708499 2710123
635 2710124 2715099
636 2715100 2718425
637 2718426 2722484
638 2722485 2724995
639 2724996 2729597
640 2729598 2730752
641 2730753 2732766
642 2732767 2733446
643 2733447 2733878
644 2733879 2736189
645 2736190 2737053
646 2737054 2767516
647 2767517 2771069
648 2771070 2772011
649 2772012 2774607
650 2774608 2777741
651 2777742 2778082
652 2778083 2785307
653 2785308 2804349
654 2804350 2810062
655 2810063 2812420
656 2812421 2814981
657 2814982 2816236
658 2816237 2825246
659 2825247 2828904
660 2828905 2831060
661 2831061 2833429
662 2833430 2834292
663 2834293 2834698
664 2834699 2835860
665 2835861 2839715
666 2839716 2840861
667 2840862 2844410
668 2844411 2847671
669 2847672 2849259
670 2849260 2851286
671 2851287 2853454
672 2853455 2854748
673 2854749 2856072
674 2856073 2859978
675 2859979 2860541
676 2860542 2867022
677 2867023 2869607
678 2869608 2873290
679 2873291 2874121
680 2874122 2875403
681 2875404 2877831
682 2877832 2878531
683 2878532 2879330
684 2879331 2884358
685 2884359 2888062
686 2888063 2890085
687 2890086 2893324
688 2893325 2896208
689 2896209 2903808
690 2903809 2904241
691 2904242 2904776
692 2904777 2916059
693 2916060 2920573
694 2920574 2924272
695 2924273 2933321
696 2933322 2936751
697 2936752 2938825
698 2938826 2940849
699 2940850 2948003
700 2948004 2954490
701 2954491 2958203
702 2958204 2960472
703 2960473 2975464
704 2975465 2981901
705 2981902 2983252
706 2983253 2985250
707 2985251 2988210
708 2988211 2990817
709 2990818 2992976
710 2992977 2994587
711 2994588 2995350
712 2995351 2996763
713 2996764 2997520
714 2997521 2997929
715 2997930 3001876
716 3001877 3004961
717 3004962 3009148
718 3009149 3016778
719 3016779 3018156
720 3018157 3023505
721 3023506 3024700
722 3024701 3025651
723 3025652 3027532
724 3027533 3029974
725 3029975 3035493
726 3035494 3038026
727 3038027 3046149
728 3046150 3048642
729 3048643 3049580
730 3049581 3050449
731 3050450 3052114
732 3052115 3054375
733 3054376 3061684
734 3061685 3063347
735 3063348 3068138
736 3068139 3070617
737 3070618 3074277
738 3074278 3076992
739 3076993 3083983
740 3083984 3086309
741 3086310 3089354
742 3089355 3093981
743 3093982 3096526
744 3096527 3099433
745 3099434 3101361
746 3101362 3102658
747 3102659 3107418
748 3107419 3109075
749 3109076 3110101
750 3110102 3111726
751 3111727 3113549
752 3113550 3118181
753 3118182 3119877
754 3119878 3122585
755 3122586 3131957
756 3131958 3133857
757 3133858 3136514
758 3136515 3145627
759 3145628 3149201
760 3149202 3155382
761 3155383 3158774
762 3158775 3161753
763 3161754 3169658
764 3169659 3171415
765 3171416 3173639
766 3173640 3175309
767 3175310 3176295
768 3176296 3178706
769 3178707 3180408
770 3180409 3182212
771 3182213 3189622
772 3189623 3192788
773 3192789 3194486
774 3194487 3195920
775 3195921 3203631
776 3203632 3205646
777 3205647 3207783
778 3207784 3209590
779 3209591 3211299
780 3211300 3213399
781 3213400 3214579
782 3214580 3214781
783 3214782 3215216
784 3215217 3215661
785 3215662 3216122
786 3216123 3216627
787 3216628 3217102
788 3217103 3217585
789 3217586 3218092
790 3218093 3218635
791 3218636 3219126
792 3219127 3219647
793 3219648 3220144
794 3220145 3220633
795 3220634 3221138
796 3221139 3221611
797 3221612 3222152
798 3222153 3225509
799 3225510 3229217
800 3229218 3235591
801 3235592 3237096
802 3237097 3239798
803 3239799 3241909
804 3241910 3245035
805 3245036 3246655
806 3246656 3255187
807 3255188 3258708
808 3258709 3262116
809 3262117 3270049
810 3270050 3278266
811 3278267 3286920
812 3286921 3292623
813 3292624 3299722
814 3299723 3301534
815 3301535 3307975
816 3307976 3317028
817 3317029 3320909
818 3320910 3325519
819 3325520 3328263
820 3328264 3330677
821 3330678 3334555
822 3334556 3339381
823 3339382 3343660
824 3343661 3346924
825 3346925 3353993
826 3353994 3362585
827 3362586 3371090
828 3371091 3373903
829 3373904 3374565
830 3374566 3378771
831 3378772 3386923
832 3386924 3395276
833 3395277 3400700
834 3400701 3403129
835 3403130 3410743
836 3410744 3414221
837 3414222 3417136
838 3417137 3418211
839 3418212 3421280
840 3421281 3431896
841 3431897 3439475
842 3439476 3447107
843 3447108 3448163
844 3448164 3451147
845 3451148 3452956
846 3452957 3460999
847 3461000 3467956
848 3467957 3472033
849 3472034 3481628
850 3481629 3491274
851 3491275 3493995
852 3493996 3497804
853 3497805 3503510
854 3503511 3506570
855 3506571 3511041
856 3511042 3518948
857 3518949 3525462
858 3525463 3527984
859 3527985 3531865
860 3531866 3535681
861 3535682 3537555
862 3537556 3540956
863 3540957 3546049
864 3546050 3548304
865 3548305 3549682
866 3549683 3553692
867 3553693 3554697
868 3554698 3558198
869 3558199 3561513
870 3561514 3565203
871 3565204 3568494
872 3568495 3570973
873 3570974 3571974
874 3571975 3573250
875 3573251 3581331
876 3581332 3588358
877 3588359 3592856
878 3592857 3600168
879 3600169 3603512
880 3603513 3612597
881 3612598 3614759
882 3614760 3621069
883 3621070 3627370
884 3627371 3628527
885 3628528 3629372
886 3629373 3636187
887 3636188 3639783
888 3639784 3642478
889 3642479 3643516
890 3643517 3643661
891 3643662 3645273
892 3645274 3648373
893 3648374 3649574
894 3649575 3650180
895 3650181 3651772
896 3651773 3653435
897 3653436 3655024
898 3655025 3663867
899 3663868 3668325
900 3668326 3671274
901 3671275 3671906
902 3671907 3679620
903 3679621 3683692
904 3683693 3696271
905 3696272 3701224
906 3701225 3703776
907 3703777 3710114
908 3710115 3712763
909 3712764 3713091
910 3713092 3715469
911 3715470 3719354
912 3719355 3722201
913 3722202 3735791
914 3735792 3743752
915 3743753 3745690
916 3745691 3748499
917 3748500 3750459
918 3750460 3752337
919 3752338 3755837
920 3755838 3758924
921 3758925 3761890
922 3761891 3764776
923 3764777 3766735
924 3766736 3768979
925 3768980 3771198
926 3771199 3773055
927 3773056 3775074
928 3775075 3777707
929 3777708 3781057
930 3781058 3783254
931 3783255 3785194
932 3785195 3786997
933 3786998 3789112
934 3789113 3792148
935 3792149 3794629
936 3794630 3797225
937 3797226 3799586
938 3799587 3801988
939 3801989 3806519
940 3806520 3806862
941 3806863 3812756
942 3812757 3816683
943 3816684 3820512
944 3820513 3830495
945 3830496 3833332
946 3833333 3834321
947 3834322 3838774
948 3838775 3845975
949 3845976 3846303
950 3846304 3849531
951 3849532 3852232
952 3852233 3854640
953 3854641 3857267
954 3857268 3860865
955 3860866 3865248
956 3865249 3867888
957 3867889 3872909
958 3872910 3875688
959 3875689 3883945
960 3883946 3886727
961 3886728 3893044
962 3893045 3895520
963 3895521 3896769
964 3896770 3914639
965 3914640 3924542
966 3924543 3927532
967 3927533 3930805
968 3930806 3936722
969 3936723 3940234
970 3940235 3942205
971 3942206 3945314
972 3945315 3949838
973 3949839 3954243
974 3954244 3957992
975 3957993 3961013
976 3961014 3985618
977 3985619 3996980
978 3996981 4013334
979 4013335 4044091
980 4044092 4047906
981 4047907 4048075
982 4048076 4048854
983 4048855 4052101
984 4052102 4052885
985 4052886 4059261
986 4059262 4065015
987 4065016 4075780
988 4075781 4080109
989 4080110 4086511
990 4086512 4089576
991 4089577 4095691
992 4095692 4101787
993 4101788 4103497
994 4103498 4109986
995 4109987 4113278
996 4113279 4120005
997 4120006 4129056
998 4129057 4130498
999 4130499 4133425
1000 4133426 4135218
1001 4135219 4141253
1002 4141254 4148068
1003 4148069 4154389
1004 4154390 4160832
1005 4160833 4170550
1006 4170551 4180309
1007 4180310 4181508
1008 4181509 4182240
1009 4182241 4183405
1010 4183406 4187220
1011 4187221 4187907
1012 4187908 4193452
1013 4193453 4194862
1014 4194863 4197661
1015 4197662 4199997
1016 4199998 4205543
1017 4205544 4217779
1018 4217780 4220394
1019 4220395 4246498
1020 4246499 4250227
1021 4250228 4254281
1022 4254282 4266730
1023 4266731 4271150
1024 4271151 4275060
1025 4275061 4289730
1026 4289731 4302022
1027 4302023 4305716
1028 4305717 4314837
1029 4314838 4316659
1030 4316660 4317390
1031 4317391 4320640
1032 4320641 4323515
1033 4323516 4329353
1034 4329354 4338990
1035 4338991 4343052
1036 4343053 4344205
1037 4344206 4346009
1038 4346010 4351528
1039 4351529 4356144
1040 4356145 4360706
1041 4360707 4365119
1042 4365120 4369508
1043 4369509 4373202
1044 4373203 4379385
1045 4379386 4383595
1046 4383596 4384719
1047 4384720 4385472
1048 4385473 4394335
1049 4394336 4398308
1050 4398309 4405334
1051 4405335 4406865
1052 4406866 4409362
1053 4409363 4410468
1054 4410469 4411512
1055 4411513 4412547
1056 4412548 4417893
1057 4417894 4428911
1058 4428912 4429677
1059 4429678 4430362
1060 4430363 4434399
1061 4434400 4444508
1062 4444509 4445836
1063 4445837 4448965
1064 4448966 4449836
1065 4449837 4450482
1066 4450483 4451489
1067 4451490 4452234
1068 4452235 4454006
1069 4454007 4466324
1070 4466325 4470670
1071 4470671 4481881
1072 4481882 4485511
1073 4485512 4485659
1074 4485660 4492391
1075 4492392 4500629
1076 4500630 4504363
1077 4504364 4509402
1078 4509403 4512921
1079 4512922 4514828
1080 4514829 4515838
1081 4515839 4517267
1082 4517268 4518455
1083 4518456 4519772
1084 4519773 4521528
1085 4521529 4523354
1086 4523355 4525176
1087 4525177 4532861
1088 4532862 4551234
1089 4551235 4555131
1090 4555132 4559560
1091 4559561 4562924
1092 4562925 4566491
1093 4566492 4577022
1094 4577023 4581105
1095 4581106 4582342
1096 4582343 4583254
1097 4583255 4584778
1098 4584779 4585763
1099 4585764 4587756
1100 4587757 4592238
1101 4592239 4593888
1102 4593889 4600150
1103 4600151 4607868
1104 4607869 4609881
1105 4609882 4613904
1106 4613905 4616597
1107 4616598 4621388
1108 4621389 4630256
1109 4630257 4635253
1110 4635254 4643248
1111 4643249 4648053
1112 4648054 4658112
1113 4658113 4660344
1114 4660345 4661981
1115 4661982 4664102
1116 4664103 4665998
1117 4665999 4668455
1118 4668456 4671370
1119 4671371 4673973
1120 4673974 4687295
1121 4687296 4689805
1122 4689806 4692086
1123 4692087 4694621
1124 4694622 4697728
1125 4697729 4707401
1126 4707402 4712142
1127 4712143 4719163
1128 4719164 4722844
1129 4722845 4726292
1130 4726293 4729160
1131 4729161 4735059
1132 4735060 4738164
1133 4738165 4744044
1134 4744045 4748838
1135 4748839 4762594
1136 4762595 4766446
1137 4766447 4769437
1138 4769438 4771082
1139 4771083 4779212
1140 4779213 4784925
1141 4784926 4797449
1142 4797450 4801286
1143 4801287 4803512
1144 4803513 4809001
1145 4809002 4816950
1146 4816951 4827114
1147 4827115 4830738
1148 4830739 4834148
1149 4834149 4836354
1150 4836355 4840159
1151 4840160 4842211
1152 4842212 4843716
1153 4843717 4851116
1154 4851117 4852158
1155 4852159 4853124
1156 4853125 4856424
1157 4856425 4858271
1158 4858272 4862354
1159 4862355 4864546
1160 4864547 4868595
1161 4868596 4870014
1162 4870015 4874956
1163 4874957 4877580
1164 4877581 4879355
1165 4879356 4881353
1166 4881354 4882860
1167 4882861 4886635
1168 4886636 4888305
1169 4888306 4888838
1170 4888839 4893007
1171 4893008 4899098
1172 4899099 4900855
1173 4900856 4904467
1174 4904468 4906941
1175 4906942 4912740
1176 4912741 4920525
1177 4920526 4925483
1178 4925484 4926409
1179 4926410 4927701
1180 4927702 4929753
1181 4929754 4933837
1182 4933838 4937350
1183 4937351 4937975
1184 4937976 4942053
1185 4942054 4944982
1186 4944983 4947854
1187 4947855 4951378
1188 4951379 4957009
1189 4957010 4961675
1190 4961676 4966788
1191 4966789 4969514
1192 4969515 4978701
1193 4978702 4988126
1194 4988127 4993693
1195 4993694 4996320
1196 4996321 5004705
1197 5004706 5006032
1198 5006033 5007935
1199 5007936 5011042
1200 5011043 5015621
1201 5015622 5016841
1202 5016842 5018081
1203 5018082 5023389
1204 5023390 5026191
1205 5026192 5030226
1206 5030227 5031383
1207 5031384 5033426
1208 5033427 5034784
1209 5034785 5037697
1210 5037698 5039302
1211 5039303 5046642
1212 5046643 5047400
1213 5047401 5047953
1214 5047954 5048835
1215 5048836 5049528
1216 5049529 5050082
1217 5050083 5050674
1218 5050675 5052036
1219 5052037 5055581
1220 5055582 5059341
1221 5059342 5059874
1222 5059875 5061980
1223 5061981 5063339
1224 5063340 5066756
1225 5066757 5070045
1226 5070046 5075390
1227 5075391 5078421
1228 5078422 5082253
1229 5082254 5085564
1230 5085565 5088624
1231 5088625 5091843
1232 5091844 5093806
1233 5093807 5103902
1234 5103903 5107747
1235 5107748 5111216
1236 5111217 5115455
1237 5115456 5116993
1238 5116994 5118472
1239 5118473 5120846
1240 5120847 5122817
1241 5122818 5125940
1242 5125941 5127880
1243 5127881 5130289
1244 5130290 5130436
1245 5130437 5132455
1246 5132456 5135594
1247 5135595 5141936
1248 5141937 5142942
1249 5142943 5149605
1250 5149606 5150565
1251 5150566 5151735
1252 5151736 5152546
1253 5152547 5158881
1254 5158882 5161748
1255 5161749 5166849
1256 5166850 5175941
1257 5175942 5183318
1258 5183319 5185172
1259 5185173 5190685
1260 5190686 5194308
1261 5194309 5195840
1262 5195841 5196504
1263 5196505 5199811
1264 5199812 5202713
1265 5202714 5204953
1266 5204954 5210690
1267 5210691 5212013
1268 5212014 5216448
1269 5216449 5217163
1270 5217164 5219739
1271 5219740 5221300
1272 5221301 5222458
1273 5222459 5224998
1274 5224999 5229382
1275 5229383 5232331
1276 5232332 5237785
1277 5237786 5243673
1278 5243674 5248160
1279 5248161 5250944
1280 5250945 5253034
1281 5253035 5254126
1282 5254127 5254956
1283 5254957 5257617
1284 5257618 5263422
1285 5263423 5264392
1286 5264393 5266222
1287 5266223 5267979
1288 5267980 5275474
1289 5275475 5276703
1290 5276704 5278952
1291 5278953 5281406
1292 5281407 5282822
1293 5282823 5283427
1294 5283428 5288453
1295 5288454 5294597
1296 5294598 5306243
1297 5306244 5307483
1298 5307484 5309848
1299 5309849 5310900
1300 5310901 5312187
1301 5312188 5314392
1302 5314393 5317235
1303 5317236 5322444
1304 5322445 5324907
1305 5324908 5327952
1306 5327953 5348054
1307 5348055 5350925
1308 5350926 5352560
1309 5352561 5354829
1310 5354830 5356615
1311 5356616 5358098
1312 5358099 5365471
1313 5365472 5370096
1314 5370097 5382709
1315 5382710 5385144
1316 5385145 5386989
1317 5386990 5388457
1318 5388458 5391588
1319 5391589 5392989
1320 5392990 5396892
1321 5396893 5398018
1322 5398019 5399171
1323 5399172 5400530
1324 5400531 5402938
1325 5402939 5404920
1326 5404921 5407303
1327 5407304 5410791
1328 5410792 5411784
1329 5411785 5419126
1330 5419127 5424358
1331 5424359 5430950
1332 5430951 5435406
1333 5435407 5439127
1334 5439128 5441899
1335 5441900 5472844
1336 5472845 5476828
1337 5476829 5482137
1338 5482138 5485004
1339 5485005 5486991
1340 5486992 5491756
1341 5491757 5493004
1342 5493005 5495588
1343 5495589 5501967
1344 5501968 5505574
1345 5505575 5512458
1346 5512459 5522664
1347 5522665 5524866
1348 5524867 5528565
1349 5528566 5530925
1350 5530926 5534657
1351 5534658 5537628
1352 5537629 5541426
1353 5541427 5543072
1354 5543073 5553235
1355 5553236 5555403
1356 5555404 5560414
1357 5560415 5562858
1358 5562859 5564396
1359 5564397 5572378
1360 5572379 5579197
1361 5579198 5583674
1362 5583675 5593316
1363 5593317 5599753
1364 5599754 5605515
1365 5605516 5608417
1366 5608418 5614124
1367 5614125 5624599
1368 5624600 5628939
1369 5628940 5635129
1370 5635130 5639793
1371 5639794 5642094
1372 5642095 5645550
1373 5645551 5654481
1374 5654482 5656313
1375 5656314 5662080
1376 5662081 5666154
1377 5666155 5670233
1378 5670234 5672870
1379 5672871 5673263
1380 5673264 5675145
1381 5675146 5682574
1382 5682575 5687049
1383 5687050 5689504
1384 5689505 5691273
1385 5691274 5694386
1386 5694387 5697938
1387 5697939 5700756
1388 5700757 5706021
1389 5706022 5707223
1390 5707224 5708411
1391 5708412 5711551
1392 5711552 5719198
1393 5719199 5720413
1394 5720414 5726475
1395 5726476 5728193
1396 5728194 5730548
1397 5730549 5735412
1398 5735413 5737161
1399 5737162 5740544
1400 5740545 5742497
1401 5742498 5743694
1402 5743695 5746361
1403 5746362 5747057
1404 5747058 5749883
1405 5749884 5755119
1406 5755120 5756801
1407 5756802 5759661
1408 5759662 5763849
1409 5763850 5765126
1410 5765127 5766263
1411 5766264 5767907
1412 5767908 5769115
1413 5769116 5770803
1414 5770804 5771653
1415 5771654 5772544
1416 5772545 5776397
1417 5776398 5777253
1418 5777254 5780393
1419 5780394 5788264
1420 5788265 5790837
1421 5790838 5792369
1422 5792370 5795556
1423 5795557 5796740
1424 5796741 5799465
1425 5799466 5801842
1426 5801843 5803214
1427 5803215 5804269
1428 5804270 5807967
1429 5807968 5811065
1430 5811066 5812555
1431 5812556 5820934
1432 5820935 5822423
1433 5822424 5824505
1434 5824506 5825487
1435 5825488 5827138
1436 5827139 5828078
1437 5828079 5830531
1438 5830532 5840203
1439 5840204 5844188
1440 5844189 5844352
1441 5844353 5844495
1442 5844496 5846654
1443 5846655 5847675
1444 5847676 5853133
1445 5853134 5855123
1446 5855124 5856643
1447 5856644 5858518
1448 5858519 5859707
1449 5859708 5860903
1450 5860904 5867880
1451 5867881 5871655
1452 5871656 5872696
1453 5872697 5875187
1454 5875188 5877437
1455 5877438 5880678
1456 5880679 5883284
1457 5883285 5913345
1458 5913346 5914460
1459 5914461 5916225
1460 5916226 5921353
1461 5921354 5922622
1462 5922623 5924291
1463 5924292 5926041
1464 5926042 5928470
1465 5928471 5930167
1466 5930168 5931768
1467 5931769 5934426
1468 5934427 5937667
1469 5937668 5942350
1470 5942351 5943324
1471 5943325 5944837
1472 5944838 5946910
1473 5946911 5948457
1474 5948458 5950276
1475 5950277 5951583
1476 5951584 5953509
1477 5953510 5954388
1478 5954389 5957125
1479 5957126 5959019
1480 5959020 5965193
1481 5965194 5967941
1482 5967942 5969364
1483 5969365 5970589
1484 5970590 5973296
1485 5973297 5974772
1486 5974773 5977108
1487 5977109 5978595
1488 5978596 5979954
1489 5979955 5982165
1490 5982166 5983705
1491 5983706 5985440
1492 5985441 5991069
1493 5991070 5992764
1494 5992765 5995754
1495 5995755 5997376
1496 5997377 6000186
1497 6000187 6001500
1498 6001501 6002381
1499 6002382 6004009
1500 6004010 6008025
1501 6008026 6011282
1502 6011283 6014288
1503 6014289 6017666
1504 6017667 6020399
1505 6020400 6021827
1506 6021828 6023218
1507 6023219 6024123
1508 6024124 6026309
1509 6026310 6027957
1510 6027958 6029068
1511 6029069 6032413
1512 6032414 6035635
1513 6035636 6040528
1514 6040529 6044413
1515 6044414 6046201
1516 6046202 6048007
1517 6048008 6048997
1518 6048998 6050288
1519 6050289 6051294
1520 6051295 6052477
1521 6052478 6057584
1522 6057585 6059886
1523 6059887 6061762
1524 6061763 6062912
1525 6062913 6064225
1526 6064226 6065484
1527 6065485 6069688
1528 6069689 6071215
1529 6071216 6073925
1530 6073926 6076087
1531 6076088 6077207
1532 6077208 6079062
1533 6079063 6084082
1534 6084083 6086441
1535 6086442 6094537
1536 6094538 6106097
1537 6106098 6108155
1538 6108156 6111773
1539 6111774 6116953
1540 6116954 6122298
1541 6122299 6127471
1542 6127472 6133822
1543 6133823 6134866
1544 6134867 6142075
1545 6142076 6145029
1546 6145030 6154575
1547 6154576 6158805
1548 6158806 6165240
1549 6165241 6168136
1550 6168137 6169741
1551 6169742 6172673
1552 6172674 6176085
1553 6176086 6177868
1554 6177869 6183433
1555 6183434 6192516
1556 6192517 6194820
1557 6194821 6203251
1558 6203252 6210060
1559 6210061 6216531
1560 6216532 6220231
1561 6220232 6223624
1562 6223625 6226523
1563 6226524 6227004
1564 6227005 6229183
1565 6229184 6233120
1566 6233121 6236041
1567 6236042 6239631
1568 6239632 6242338
1569 6242339 6248910
1570 6248911 6258343
1571 6258344 6266793
1572 6266794 6276497
1573 6276498 6284465
1574 6284466 6289949
1575 6289950 6296203
1576 6296204 6299764
1577 6299765 6303764
1578 6303765 6305332
1579 6305333 6307005
1580 6307006 6310167
1581 6310168 6313691
1582 6313692 6319638
1583 6319639 6324242
1584 6324243 6327736
1585 6327737 6339350
1586 6339351 6344512
1587 6344513 6349328
1588 6349329 6350409
1589 6350410 6354586
1590 6354587 6358254
1591 6358255 6361707
1592 6361708 6366029
1593 6366030 6370944
1594 6370945 6375512
1595 6375513 6383508
1596 6383509 6385764
1597 6385765 6391312
1598 6391313 6395700
1599 6395701 6402242
1600 6402243 6407042
1601 6407043 6409220
1602 6409221 6411374
1603 6411375 6412878
1604 6412879 6416202
1605 6416203 6420808
1606 6420809 6424953
1607 6424954 6431199
1608 6431200 6439787
1609 6439788 6441651
1610 6441652 6447442
1611 6447443 6454727
1612 6454728 6456023
1613 6456024 6459454
1614 6459455 6463572
1615 6463573 6465209
1616 6465210 6472514
1617 6472515 6475279
1618 6475280 6485429
1619 6485430 6489732
1620 6489733 6495547
1621 6495548 6496372
1622 6496373 6500139
1623 6500140 6502125
1624 6502126 6502271
1625 6502272 6503077
1626 6503078 6504197
1627 6504198 6507160
1628 6507161 6511595
1629 6511596 6513810
1630 6513811 6517000
1631 6517001 6519125
1632 6519126 6521431
1633 6521432 6548498
1634 6548499 6550417
1635 6550418 6552216
1636 6552217 6557615
1637 6557616 6563104
1638 6563105 6565630
1639 6565631 6569067
1640 6569068 6573868
1641 6573869 6577620
1642 6577621 6581025
1643 6581026 6596538
1644 6596539 6600707
1645 6600708 6604329
1646 6604330 6606036
1647 6606037 6607564
1648 6607565 6613457
1649 6613458 6624442
1650 6624443 6629721
1651 6629722 6633602
1652 6633603 6635826
1653 6635827 6636519
1654 6636520 6638078
1655 6638079 6642756
1656 6642757 6645520
1657 6645521 6647500
1658 6647501 6656320
1659 6656321 6662620
1660 6662621 6667840
1661 6667841 6669841
1662 6669842 6676344
1663 6676345 6679341
1664 6679342 6682308
1665 6682309 6684033
1666 6684034 6686178
1667 6686179 6688798
1668 6688799 6690525
1669 6690526 6701471
1670 6701472 6709114
1671 6709115 6712523
1672 6712524 6715589
1673 6715590 6717517
1674 6717518 6723120
1675 6723121 6731334
1676 6731335 6734570
1677 6734571 6735176
1678 6735177 6738861
1679 6738862 6744013
1680 6744014 6750951
1681 6750952 6751901
1682 6751902 6754293
1683 6754294 6758690
1684 6758691 6762271
1685 6762272 6765205
1686 6765206 6770860
1687 6770861 6775977
1688 6775978 6783360
1689 6783361 6784513
1690 6784514 6788481
1691 6788482 6789857
1692 6789858 6797233
1693 6797234 6800555
1694 6800556 6804966
1695 6804967 6809871
1696 6809872 6812245
1697 6812246 6818353
1698 6818354 6820661
1699 6820662 6822398
1700 6822399 6837739
1701 6837740 6847065
1702 6847066 6852487
1703 6852488 6853887
1704 6853888 6859612
1705 6859613 6861034
1706 6861035 6867627
1707 6867628 6872289
1708 6872290 6876927
1709 6876928 6886724
1710 6886725 6888484
1711 6888485 6891990
1712 6891991 6907725
1713 6907726 6917351
1714 6917352 6921289
1715 6921290 6929214
1716 6929215 6933040
1717 6933041 6947160
1718 6947161 6952588
1719 6952589 6952735
1720 6952736 6954726
1721 6954727 6957882
1722 6957883 6960355
1723 6960356 6968164
1724 6968165 6970850
1725 6970851 6972887
1726 6972888 6979127
1727 6979128 6983395
1728 6983396 6987783
1729 6987784 6991640
1730 6991641 6998550
1731 6998551 7002177
1732 7002178 7005484
1733 7005485 7010131
1734 7010132 7015420
1735 7015421 7019886
1736 7019887 7023328
1737 7023329 7027472
1738 7027473 7028634
1739 7028635 7036604
1740 7036605 7041198
1741 7041199 7045610
1742 7045611 7050007
1743 7050008 7054116
1744 7054117 7059703
1745 7059704 7067524
1746 7067525 7069893
1747 7069894 7072043
1748 7072044 7075016
1749 7075017 7077983
1750 7077984 7082620
1751 7082621 7088072
1752 7088073 7091263
1753 7091264 7095374
1754 7095375 7100857
1755 7100858 7105562
1756 7105563 7110703
1757 7110704 7113216
1758 7113217 7115967
1759 7115968 7118958
1760 7118959 7127243
1761 7127244 7128494
1762 7128495 7129287
1763 7129288 7133458
1764 7133459 7136825
1765 7136826 7138392
1766 7138393 7148364
1767 7148365 7151455
1768 7151456 7160233
1769 7160234 7164219
1770 7164220 7169487
1771 7169488 7174442
1772 7174443 7183049
1773 7183050 7187869
1774 7187870 7191812
1775 7191813 7192356
1776 7192357 7197065
1777 7197066 7201482
1778 7201483 7205319
1779 7205320 7211167
1780 7211168 7218407
1781 7218408 7224899
1782 7224900 7227495
1783 7227496 7230878
1784 7230879 7231868
1785 7231869 7254802
1786 7254803 7273406
1787 7273407 7276012
1788 7276013 7284512
1789 7284513 7286181
1790 7286182 7288598
1791 7288599 7295757
1792 7295758 7299119
1793 7299120 7310156
1794 7310157 7313054
1795 7313055 7316588
1796 7316589 7319833
1797 7319834 7324692
1798 7324693 7331980
1799 7331981 7338906
1800 7338907 7345121
1801 7345122 7346218
1802 7346219 7349026
1803 7349027 7352495
1804 7352496 7353564
1805 7353565 7356024
1806 7356025 7357600
1807 7357601 7363967
1808 7363968 7377615
1809 7377616 7379735
1810 7379736 7392711
1811 7392712 7399204
1812 7399205 7402105
1813 7402106 7407160
1814 7407161 7409146
1815 7409147 7418214
1816 7418215 7424801
1817 7424802 7427304
1818 7427305 7433773
1819 7433774 7433920
1820 7433921 7439048
1821 7439049 7448861
1822 7448862 7450535
1823 7450536 7451298
1824 7451299 7452046
1825 7452047 7454988
1826 7454989 7456880
1827 7456881 7459213
1828 7459214 7462417
1829 7462418 7465331
1830 7465332 7468308
1831 7468309 7471337
1832 7471338 7473796
1833 7473797 7476286
1834 7476287 7478845
1835 7478846 7479720
1836 7479721 7481337
1837 7481338 7487188
1838 7487189 7489787
1839 7489788 7491096
1840 7491097 7493162
1841 7493163 7494763
1842 7494764 7497682
1843 7497683 7503506
1844 7503507 7504722
1845 7504723 7507565
1846 7507566 7509430
1847 7509431 7510688
1848 7510689 7511830
1849 7511831 7513629
1850 7513630 7515452
1851 7515453 7518913
1852 7518914 7520529
1853 7520530 7521163
1854 7521164 7523888
1855 7523889 7524808
1856 7524809 7530590
1857 7530591 7535822
1858 7535823 7537456
1859 7537457 7538241
1860 7538242 7539055
1861 7539056 7541561
1862 7541562 7547382
1863 7547383 7551118
1864 7551119 7554812
1865 7554813 7558704
1866 7558705 7562539
1867 7562540 7566417
1868 7566418 7570134
1869 7570135 7570784
1870 7570785 7576625
1871 7576626 7577331
1872 7577332 7580157
1873 7580158 7583046
1874 7583047 7584160
1875 7584161 7585457
1876 7585458 7593059
1877 7593060 7594565
1878 7594566 7596883
1879 7596884 7599001
1880 7599002 7600480
1881 7600481 7601485
1882 7601486 7603209
1883 7603210 7605853
1884 7605854 7622915
1885 7622916 7624483
1886 7624484 7629352
1887 7629353 7631482
1888 7631483 7634323
1889 7634324 7640624
1890 7640625 7641179
1891 7641180 7645234
1892 7645235 7647297
1893 7647298 7648531
1894 7648532 7653211
1895 7653212 7654086
1896 7654087 7656225
1897 7656226 7658142
1898 7658143 7662346
1899 7662347 7667063
1900 7667064 7676322
1901 7676323 7680474
1902 7680475 7683202
1903 7683203 7684068
1904 7684069 7684899
1905 7684900 7685829
1906 7685830 7686903
1907 7686904 7691171
1908 7691172 7694796
1909 7694797 7697868
1910 7697869 7702708
1911 7702709 7705349
1912 7705350 7708093
1913 7708094 7711581
1914 7711582 7731396
1915 7731397 7735414
1916 7735415 7736686
1917 7736687 7742053
1918 7742054 7746392
1919 7746393 7750205
1920 7750206 7754596
1921 7754597 7757684
1922 7757685 7762007
1923 7762008 7765204
1924 7765205 7769220
1925 7769221 7773398
1926 7773399 7776960
1927 7776961 7780622
1928 7780623 7784446
1929 7784447 7788469
1930 7788470 7791959
1931 7791960 7796288
1932 7796289 7800070
1933 7800071 7804808
1934 7804809 7808330
1935 7808331 7813125
1936 7813126 7817329
1937 7817330 7820193
1938 7820194 7823302
1939 7823303 7826453
1940 7826454 7830533
1941 7830534 7833819
1942 7833820 7853194
1943 7853195 7857567
1944 7857568 7860993
1945 7860994 7862565
1946 7862566 7866037
1947 7866038 7869571
1948 7869572 7889131
1949 7889132 7893823
1950 7893824 7895352
1951 7895353 7898784
1952 7898785 7903651
1953 7903652 7907816
1954 7907817 7909061
1955 7909062 7912533
1956 7912534 7917997
1957 7917998 7921791
1958 7921792 7926875
1959 7926876 7930065
1960 7930066 7933373
1961 7933374 7937122
1962 7937123 7940621
1963 7940622 7943376
1964 7943377 7946633
1965 7946634 7950298
1966 7950299 7953512
1967 7953513 7957081
1968 7957082 7976039
1969 7976040 7980574
1970 7980575 7984374
1971 7984375 7988014
1972 7988015 7989627
1973 7989628 7993975
1974 7993976 7995232
1975 7995233 7996183
1976 7996184 7999162
1977 7999163 8003252
1978 8003253 8006820
1979 8006821 8009687
1980 8009688 8013234
1981 8013235 8015865
1982 8015866 8016993
1983 8016994 8021234
1984 8021235 8041067
1985 8041068 8044415
1986 8044416 8049249
1987 8049250 8052583
1988 8052584 8055877
1989 8055878 8059543
1990 8059544 8064695
1991 8064696 8072540
1992 8072541 8077879
1993 8077880 8088907
1994 8088908 8090760
1995 8090761 8098048
1996 8098049 8101757
1997 8101758 8109704
1998 8109705 8110203
1999 8110204 8114103
2000 8114104 8114873
2001 8114874 8115765
2002 8115766 8121458
2003 8121459 8122963
2004 8122964 8125122
2005 8125123 8127761
2006 8127762 8131448
2007 8131449 8134739
2008 8134740 8136846
2009 8136847 8141693
2010 8141694 8151856
2011 8151857 8152464
2012 8152465 8155649
2013 8155650 8159123
2014 8159124 8164458
2015 8164459 8168242
2016 8168243 8174511
2017 8174512 8184388
2018 8184389 8186484
2019 8186485 8188136
2020 8188137 8191280
2021 8191281 8194969
2022 8194970 8196972
2023 8196973 8201387
2024 8201388 8202772
2025 8202773 8212246
2026 8212247 8216843
2027 8216844 8219445
2028 8219446 8223041
2029 8223042 8224865
2030 8224866 8226369
2031 8226370 8227895
2032 8227896 8232632
2033 8232633 8235544
2034 8235545 8244124
2035 8244125 8249451
2036 8249452 8252513
2037 8252514 8259658
2038 8259659 8260873
2039 8260874 8263695
2040 8263696 8266304
2041 8266305 8268273
2042 8268274 8268818
2043 8268819 8274720
2044 8274721 8275258
2045 8275259 8277352
2046 8277353 8283998
2047 8283999 8289899
2048 8289900 8292438
2049 8292439 8295531
2050 8295532 8304491
2051 8304492 8308126
2052 8308127 8311185
2053 8311186 8320160
2054 8320161 8324219
2055 8324220 8327631
2056 8327632 8331288
2057 8331289 8332774
2058 8332775 8337275
2059 8337276 8338316
2060 8338317 8340111
2061 8340112 8345726
2062 8345727 8347840
2063 8347841 8349655
2064 8349656 8365528
2065 8365529 8371480
2066 8371481 8373753
2067 8373754 8376390
2068 8376391 8381812
2069 8381813 8385753
2070 8385754 8399543
2071 8399544 8403388
2072 8403389 8405256
2073 8405257 8408914
2074 8408915 8415527
2075 8415528 8418507
2076 8418508 8419091
2077 8419092 8423800
2078 8423801 8428375
2079 8428376 8431104
2080 8431105 8435866
2081 8435867 8438043
2082 8438044 8438802
2083 8438803 8438960
2084 8438961 8439624
2085 8439625 8440264
2086 8440265 8440869
2087 8440870 8441502
2088 8441503 8442167
2089 8442168 8442843
2090 8442844 8443490
2091 8443491 8444132
2092 8444133 8444777
2093 8444778 8445422
2094 8445423 8446067
2095 8446068 8446709
2096 8446710 8447345
2097 8447346 8447992
2098 8447993 8448640
2099 8448641 8449286
2100 8449287 8449923
2101 8449924 8450615
2102 8450616 8451250
2103 8451251 8451625
2104 8451626 8452206
2105 8452207 8452849
2106 8452850 8453492
2107 8453493 8454122
2108 8454123 8454786
2109 8454787 8455471
2110 8455472 8456113
2111 8456114 8456751
2112 8456752 8457384
2113 8457385 8458032
2114 8458033 8458665
2115 8458666 8459299
2116 8459300 8459980
2117 8459981 8460613
2118 8460614 8461252
2119 8461253 8461919
2120 8461920 8462556
2121 8462557 8463236
2122 8463237 8463912
2123 8463913 8464555
2124 8464556 8465188
2125 8465189 8465489
2126 8465490 8465807
2127 8465808 8466470
2128 8466471 8467116
2129 8467117 8467411
2130 8467412 8467728
2131 8467729 8468401
2132 8468402 8469034
2133 8469035 8469671
2134 8469672 8470336
2135 8470337 8470978
2136 8470979 8471621
2137 8471622 8472259
2138 8472260 8472901
2139 8472902 8473464
2140 8473465 8474125
2141 8474126 8474789
2142 8474790 8475433
2143 8475434 8476097
2144 8476098 8476759
2145 8476760 8477396
2146 8477397 8478033
2147 8478034 8478697
2148 8478698 8479334
2149 8479335 8479967
2150 8479968 8480603
2151 8480604 8481247
2152 8481248 8481899
2153 8481900 8482543
2154 8482544 8483208
2155 8483209 8483812
2156 8483813 8484475
2157 8484476 8485123
2158 8485124 8485754
2159 8485755 8486397
2160 8486398 8487059
2161 8487060 8487700
2162 8487701 8488343
2163 8488344 8488986
2164 8488987 8489625
2165 8489626 8490299
2166 8490300 8490950
2167 8490951 8491612
2168 8491613 8492287
2169 8492288 8492918
2170 8492919 8493544
2171 8493545 8494179
2172 8494180 8494823
2173 8494824 8495474
2174 8495475 8496118
2175 8496119 8496764
2176 8496765 8497429
2177 8497430 8498065
2178 8498066 8498710
2179 8498711 8499342
2180 8499343 8500004
2181 8500005 8500640
2182 8500641 8501289
2183 8501290 8501954
2184 8501955 8502578
2185 8502579 8503213
2186 8503214 8503858
2187 8503859 8504511
2188 8504512 8505156
2189 8505157 8505796
2190 8505797 8506402
2191 8506403 8507062
2192 8507063 8507709
2193 8507710 8508339
2194 8508340 8509001
2195 8509002 8509642
2196 8509643 8510292
2197 8510293 8511006
2198 8511007 8511667
2199 8511668 8512289
2200 8512290 8512892
2201 8512893 8513536
2202 8513537 8514174
2203 8514175 8514819
2204 8514820 8515470
2205 8515471 8516115
2206 8516116 8516754
2207 8516755 8517387
2208 8517388 8518048
2209 8518049 8518686
2210 8518687 8519324
2211 8519325 8519952
2212 8519953 8520593
2213 8520594 8521238
2214 8521239 8521883
2215 8521884 8522521
2216 8522522 8523169
2217 8523170 8523797
2218 8523798 8524434
2219 8524435 8525080
2220 8525081 8525713
2221 8525714 8526341
2222 8526342 8526979
2223 8526980 8527622
2224 8527623 8528278
2225 8528279 8528924
2226 8528925 8529564
2227 8529565 8530167
2228 8530168 8530865
2229 8530866 8531498
2230 8531499 8532187
2231 8532188 8532868
2232 8532869 8533510
2233 8533511 8534154
2234 8534155 8534795
2235 8534796 8535425
2236 8535426 8536064
2237 8536065 8536704
2238 8536705 8537358
2239 8537359 8538030
2240 8538031 8538661
2241 8538662 8539315
2242 8539316 8539961
2243 8539962 8540592
2244 8540593 8541260
2245 8541261 8541890
2246 8541891 8542516
2247 8542517 8543153
2248 8543154 8543798
2249 8543799 8544455
2250 8544456 8545101
2251 8545102 8545732
2252 8545733 8546366
2253 8546367 8546987
2254 8546988 8547632
2255 8547633 8548278
2256 8548279 8548906
2257 8548907 8549546
2258 8549547 8550191
2259 8550192 8550836
2260 8550837 8551508
2261 8551509 8552139
2262 8552140 8552836
2263 8552837 8553455
2264 8553456 8554100
2265 8554101 8554784
2266 8554785 8555421
2267 8555422 8556075
2268 8556076 8556702
2269 8556703 8557343
2270 8557344 8557988
2271 8557989 8558613
2272 8558614 8559252
2273 8559253 8559897
2274 8559898 8560551
2275 8560552 8561194
2276 8561195 8561889
2277 8561890 8562538
2278 8562539 8563168
2279 8563169 8563809
2280 8563810 8564459
2281 8564460 8565122
2282 8565123 8565782
2283 8565783 8566406
2284 8566407 8567044
2285 8567045 8567684
2286 8567685 8568334
2287 8568335 8568983
2288 8568984 8569642
2289 8569643 8570246
2290 8570247 8570901
2291 8570902 8571546
2292 8571547 8572174
2293 8572175 8572823
2294 8572824 8573488
2295 8573489 8574151
2296 8574152 8574756
2297 8574757 8575424
2298 8575425 8576087
2299 8576088 8576737
2300 8576738 8577365
2301 8577366 8578028
2302 8578029 8578674
2303 8578675 8579302
2304 8579303 8579935
2305 8579936 8580598
2306 8580599 8581241
2307 8581242 8581944
2308 8581945 8582593
2309 8582594 8585750
2310 8585751 8590940
2311 8590941 8596521
2312 8596522 8601236
2313 8601237 8606788
2314 8606789 8608682
2315 8608683 8612580
2316 8612581 8618676
2317 8618677 8623127
2318 8623128 8624115
2319 8624116 8624920
2320 8624921 8629109
2321 8629110 8631795
2322 8631796 8634770
2323 8634771 8636039
2324 8636040 8638001
2325 8638002 8640336
2326 8640337 8643089
2327 8643090 8645410
2328 8645411 8646718
2329 8646719 8651434
2330 8651435 8656031
2331 8656032 8659625
2332 8659626 8662772
2333 8662773 8666893
2334 8666894 8671413
2335 8671414 8674203
2336 8674204 8678041
2337 8678042 8680366
2338 8680367 8682122
2339 8682123 8684436
2340 8684437 8704951
2341 8704952 8708278
2342 8708279 8712377
2343 8712378 8714311
2344 8714312 8723060
2345 8723061 8725753
2346 8725754 8731085
2347 8731086 8736449
2348 8736450 8740153
2349 8740154 8744338
2350 8744339 8750285
2351 8750286 8753329
2352 8753330 8758806
2353 8758807 8760559
2354 8760560 8763195
2355 8763196 8768242
2356 8768243 8773046
2357 8773047 8776373
2358 8776374 8781808
2359 8781809 8787314
2360 8787315 8791607
2361 8791608 8794160
2362 8794161 8798587
2363 8798588 8806002
2364 8806003 8810748
2365 8810749 8811665
2366 8811666 8813914
2367 8813915 8814866
2368 8814867 8827018
2369 8827019 8831468
2370 8831469 8833364
2371 8833365 8843360
2372 8843361 8844491
2373 8844492 8847886
2374 8847887 8849303
2375 8849304 8854684
2376 8854685 8860240
2377 8860241 8863711
2378 8863712 8865461
2379 8865462 8866257
2380 8866258 8868851
2381 8868852 8870413
2382 8870414 8873747
2383 8873748 8875643
2384 8875644 8878934
2385 8878935 8884061
2386 8884062 8886207
2387 8886208 8892053
2388 8892054 8894369
2389 8894370 8898600
2390 8898601 8903532
2391 8903533 8905979
2392 8905980 8908051
2393 8908052 8910593
2394 8910594 8914061
2395 8914062 8916555
2396 8916556 8919104
2397 8919105 8939402
2398 8939403 8947831
2399 8947832 8952233
2400 8952234 8956739
2401 8956740 8960914
2402 8960915 8962479
2403 8962480 8966996
2404 8966997 8968391
2405 8968392 8969604
2406 8969605 8971115
2407 8971116 8978574
2408 8978575 8980785
2409 8980786 8998843
2410 8998844 9007754
2411 9007755 9013462
2412 9013463 9017518
2413 9017519 9021111
2414 9021112 9023196
2415 9023197 9039601
2416 9039602 9044093
2417 9044094 9045278
2418 9045279 9047237
2419 9047238 9048622
2420 9048623 9056830
2421 9056831 9062034
2422 9062035 9068910
2423 9068911 9070871
2424 9070872 9079108
2425 9079109 9086702
2426 9086703 9095240
2427 9095241 9100250
2428 9100251 9107027
2429 9107028 9122151
2430 9122152 9129725
2431 9129726 9134839
2432 9134840 9136241
2433 9136242 9137844
2434 9137845 9140029
2435 9140030 9140879
2436 9140880 9147283
2437 9147284 9149448
2438 9149449 9157778
2439 9157779 9162034
2440 9162035 9163943
2441 9163944 9169213
2442 9169214 9174715
2443 9174716 9183864
2444 9183865 9188589
2445 9188590 9198147
2446 9198148 9201952
2447 9201953 9203058
2448 9203059 9204516
2449 9204517 9205907
2450 9205908 9215019
2451 9215020 9215348
2452 9215349 9217109
2453 9217110 9217910
2454 9217911 9219398
2455 9219399 9231984
2456 9231985 9240050
2457 9240051 9244161
2458 9244162 9249194
2459 9249195 9253690
2460 9253691 9262663
2461 9262664 9264913
2462 9264914 9270310
2463 9270311 9273268
2464 9273269 9276411
2465 9276412 9278125
2466 9278126 9286249
2467 9286250 9289971
2468 9289972 9304175
2469 9304176 9307490
2470 9307491 9311399
2471 9311400 9315744
2472 9315745 9327369
2473 9327370 9328331
2474 9328332 9336367
2475 9336368 9342665
2476 9342666 9343479
2477 9343480 9349193
2478 9349194 9364925
2479 9364926 9365873
2480 9365874 9371970
2481 9371971 9372679
2482 9372680 9377972
2483 9377973 9386066
2484 9386067 9387539
2485 9387540 9391934
2486 9391935 9392667
2487 9392668 9401612
2488 9401613 9403004
2489 9403005 9403151
2490 9403152 9410571
2491 9410572 9411884
2492 9411885 9412975
2493 9412976 9422068
2494 9422069 9433350
2495 9433351 9442617
2496 9442618 9458639
2497 9458640 9467408
2498 9467409 9475869
2499 9475870 9483265
2500 9483266 9494572
2501 9494573 9514092
2502 9514093 9527662
2503 9527663 9533160
2504 9533161 9533666
2505 9533667 9534512
2506 9534513 9537722
2507 9537723 9545078
2508 9545079 9545631
2509 9545632 9547182
2510 9547183 9550655
2511 9550656 9552772
2512 9552773 9561955
2513 9561956 9569992
2514 9569993 9578572
2515 9578573 9583277
2516 9583278 9585980
2517 9585981 9590077
2518 9590078 9595171
2519 9595172 9602337
2520 9602338 9605758
2521 9605759 9608606
2522 9608607 9609299
2523 9609300 9610365
2524 9610366 9612019
2525 9612020 9618711
2526 9618712 9620073
2527 9620074 9631538
2528 9631539 9637900
2529 9637901 9642353
2530 9642354 9668173
2531 9668174 9671937
2532 9671938 9677094
2533 9677095 9685514
2534 9685515 9695301
2535 9695302 9699948
2536 9699949 9706335
2537 9706336 9715948
2538 9715949 9728809
2539 9728810 9733515
2540 9733516 9744489
2541 9744490 9750777
2542 9750778 9755902
2543 9755903 9757673
2544 9757674 9761503
2545 9761504 9766284
2546 9766285 9770008
2547 9770009 9780740
2548 9780741 9790670
2549 9790671 9797534
2550 9797535 9803659
2551 9803660 9810262
2552 9810263 9816083
2553 9816084 9820197
2554 9820198 9824120
2555 9824121 9827639
2556 9827640 9831497
2557 9831498 9834845
2558 9834846 9847137
2559 9847138 9859996
2560 9859997 9864241
2561 9864242 9867118
2562 9867119 9872706
2563 9872707 9888640
2564 9888641 9892949
2565 9892950 9893682
2566 9893683 9894900
2567 9894901 9899326
2568 9899327 9903726
2569 9903727 9905831
2570 9905832 9918885
2571 9918886 9925608
2572 9925609 9934458
2573 9934459 9942221
2574 9942222 9952935
2575 9952936 9959956
2576 9959957 9968920
2577 9968921 9971278
2578 9971279 9979458
2579 9979459 9987770
2580 9987771 9991683
2581 9991684 9997456
2582 9997457 10007740
2583 10007741 10010303
2584 10010304 10015006
2585 10015007 10015551
2586 10015552 10017100
2587 10017101 10020204
2588 10020205 10020349
2589 10020350 10026037
2590 10026038 10028609
2591 10028610 10037211
2592 10037212 10044636
2593 10044637 10047075
2594 10047076 10048558
2595 10048559 10050221
2596 10050222 10052917
2597 10052918 10055521
2598 10055522 10057796
2599 10057797 10060882
2600 10060883 10062974
2601 10062975 10065984
2602 10065985 10072962
2603 10072963 10079346
2604 10079347 10086262
2605 10086263 10093057
2606 10093058 10097024
2607 10097025 10105172
2608 10105173 10112981
2609 10112982 10116120
2610 10116121 10117942
2611 10117943 10120948
2612 10120949 10122586
2613 10122587 10125634
2614 10125635 10129093
2615 10129094 10130976
2616 10130977 10132526
2617 10132527 10137320
2618 10137321 10139087
2619 10139088 10140628
2620 10140629 10143115
2621 10143116 10146753
2622 10146754 10148839
2623 10148840 10150320
2624 10150321 10153154
2625 10153155 10160994
2626 10160995 10164349
2627 10164350 10167997
2628 10167998 10176894
2629 10176895 10180650
2630 10180651 10183497
2631 10183498 10185721
2632 10185722 10189311
2633 10189312 10192828
2634 10192829 10194921
2635 10194922 10196543
2636 10196544 10198359
2637 10198360 10204741
2638 10204742 10207962
2639 10207963 10210219
2640 10210220 10212101
2641 10212102 10215545
2642 10215546 10221071
2643 10221072 10223098
2644 10223099 10227270
2645 10227271 10230006
2646 10230007 10233785
2647 10233786 10235553
2648 10235554 10237112
2649 10237113 10238680
2650 10238681 10240320
2651 10240321 10243990
2652 10243991 10246745
2653 10246746 10250727
2654 10250728 10253128
2655 10253129 10255543
2656 10255544 10258152
2657 10258153 10260544
2658 10260545 10263098
2659 10263099 10286371
2660 10286372 10289605
2661 10289606 10293241
2662 10293242 10299579
2663 10299580 10302686
2664 10302687 10306001
2665 10306002 10309429
2666 10309430 10314684
2667 10314685 10316314
2668 10316315 10318921
2669 10318922 10322358
2670 10322359 10324826
2671 10324827 10325922
2672 10325923 10328301
2673 10328302 10333400
2674 10333401 10337643
2675 10337644 10340677
2676 10340678 10344470
2677 10344471 10347125
2678 10347126 10352561
2679 10352562 10355104
2680 10355105 10358909
2681 10358910 10360024
2682 10360025 10365354
2683 10365355 10366812
2684 10366813 10368042
2685 10368043 10370102
2686 10370103 10377561
2687 10377562 10380906
2688 10380907 10383459
2689 10383460 10383603
2690 10383604 10392123
2691 10392124 10396362
2692 10396363 10399602
2693 10399603 10412474
2694 10412475 10417063
2695 10417064 10419449
2696 10419450 10421891
2697 10421892 10422565
2698 10422566 10423956
2699 10423957 10434053
2700 10434054 10455829
2701 10455830 10456715
2702 10456716 10460243
2703 10460244 10461680
2704 10461681 10462762
2705 10462763 10468536
2706 10468537 10469763
2707 10469764 10470688
2708 10470689 10481523
2709 10481524 10482893
2710 10482894 10500633
2711 10500634 10510121
2712 10510122 10512979
2713 10512980 10516964
2714 10516965 10518334
2715 10518335 10522947
2716 10522948 10528917
2717 10528918 10529991
2718 10529992 10532307
2719 10532308 10540487
2720 10540488 10543756
2721 10543757 10545612
2722 10545613 10546156
2723 10546157 10547718
2724 10547719 10550008
2725 10550009 10553830
2726 10553831 10559778
2727 10559779 10561122
2728 10561123 10564304
2729 10564305 10565558
2730 10565559 10566886
2731 10566887 10568004
2732 10568005 10573554
2733 10573555 10574498
2734 10574499 10578876
2735 10578877 10579233
2736 10579234 10588122
2737 10588123 10591726
2738 10591727 10593346
2739 10593347 10594698
2740 10594699 10601107
2741 10601108 10605193
2742 10605194 10606457
2743 10606458 10609414
2744 10609415 10612084
2745 10612085 10613877
2746 10613878 10618001
2747 10618002 10619489
2748 10619490 10623532
2749 10623533 10627125
2750 10627126 10628503
2751 10628504 10629604
2752 10629605 10633576
2753 10633577 10640462
2754 10640463 10653414
2755 10653415 10655011
2756 10655012 10656542
2757 10656543 10658008
2758 10658009 10660452
2759 10660453 10662623
2760 10662624 10664383
2761 10664384 10666160
2762 10666161 10667328
2763 10667329 10668977
2764 10668978 10669795
2765 10669796 10676829
2766 10676830 10684970
2767 10684971 10686460
2768 10686461 10687556
2769 10687557 10692236
2770 10692237 10694671
2771 10694672 10695849
2772 10695850 10702296
2773 10702297 10704079
2774 10704080 10711643
2775 10711644 10713821
2776 10713822 10720222
2777 10720223 10724226
2778 10724227 10725630
2779 10725631 10733974
2780 10733975 10740879
2781 10740880 10750419
2782 10750420 10754072
2783 10754073 10756308
2784 10756309 10759710
2785 10759711 10764449
2786 10764450 10766141
2787 10766142 10766299
2788 10766300 10766983
2789 10766984 10767658
2790 10767659 10768356
2791 10768357 10769033
2792 10769034 10769751
2793 10769752 10770447
2794 10770448 10771153
2795 10771154 10771806
2796 10771807 10772452
2797 10772453 10773104
2798 10773105 10773838
2799 10773839 10774511
2800 10774512 10775159
2801 10775160 10775849
2802 10775850 10776491
2803 10776492 10777165
2804 10777166 10777825
2805 10777826 10778474
2806 10778475 10779143
2807 10779144 10779805
2808 10779806 10780477
2809 10780478 10781143
2810 10781144 10781825
2811 10781826 10782543
2812 10782544 10783224
2813 10783225 10783920
2814 10783921 10784598
2815 10784599 10785280
2816 10785281 10785996
2817 10785997 10786709
2818 10786710 10787396
2819 10787397 10788110
2820 10788111 10788785
2821 10788786 10789476
2822 10789477 10790197
2823 10790198 10790897
2824 10790898 10791576
2825 10791577 10792228
2826 10792229 10792915
2827 10792916 10793581
2828 10793582 10794256
2829 10794257 10794908
2830 10794909 10795589
2831 10795590 10796258
2832 10796259 10796924
2833 10796925 10797593
2834 10797594 10798254
2835 10798255 10798925
2836 10798926 10799642
2837 10799643 10800311
2838 10800312 10801014
2839 10801015 10801697
2840 10801698 10802341
2841 10802342 10803023
2842 10803024 10803702
2843 10803703 10804399
2844 10804400 10805080
2845 10805081 10805798
2846 10805799 10806451
2847 10806452 10807119
2848 10807120 10807820
2849 10807821 10808499
2850 10808500 10809181
2851 10809182 10809856
2852 10809857 10810537
2853 10810538 10811236
2854 10811237 10811952
2855 10811953 10812621
2856 10812622 10813319
2857 10813320 10813983
2858 10813984 10814665
2859 10814666 10815324
2860 10815325 10816012
2861 10816013 10816683
2862 10816684 10817363
2863 10817364 10818033
2864 10818034 10818701
2865 10818702 10819366
2866 10819367 10820048
2867 10820049 10820714
2868 10820715 10821403
2869 10821404 10822073
2870 10822074 10822747
2871 10822748 10823424
2872 10823425 10824103
2873 10824104 10824780
2874 10824781 10825479
2875 10825480 10826159
2876 10826160 10826812
2877 10826813 10827491
2878 10827492 10828167
2879 10828168 10828865
2880 10828866 10829547
2881 10829548 10830224
2882 10830225 10830895
2883 10830896 10831620
2884 10831621 10832290
2885 10832291 10832972
2886 10832973 10833652
2887 10833653 10834308
2888 10834309 10834982
2889 10834983 10835651
2890 10835652 10836322
2891 10836323 10836981
2892 10836982 10837655
2893 10837656 10838324
2894 10838325 10838996
2895 10838997 10839667
2896 10839668 10840352
2897 10840353 10841068
2898 10841069 10841708
2899 10841709 10842406
2900 10842407 10843081
2901 10843082 10843793
2902 10843794 10844490
2903 10844491 10845173
2904 10845174 10845849
2905 10845850 10846561
2906 10846562 10847290
2907 10847291 10847941
2908 10847942 10848603
2909 10848604 10849300
2910 10849301 10849982
2911 10849983 10850663
2912 10850664 10851350
2913 10851351 10852068
2914 10852069 10852746
2915 10852747 10853441
2916 10853442 10854149
2917 10854150 10854832
2918 10854833 10855555
2919 10855556 10856284
2920 10856285 10856961
2921 10856962 10857635
2922 10857636 10858296
2923 10858297 10858963
2924 10858964 10859634
2925 10859635 10860302
2926 10860303 10861002
2927 10861003 10861682
2928 10861683 10862339
2929 10862340 10862996
2930 10862997 10863655
2931 10863656 10864326
2932 10864327 10864996
2933 10864997 10865695
2934 10865696 10866380
2935 10866381 10867087
2936 10867088 10867798
2937 10867799 10868496
2938 10868497 10869172
2939 10869173 10869870
2940 10869871 10870558
2941 10870559 10871260
2942 10871261 10871944
2943 10871945 10872628
2944 10872629 10873338
2945 10873339 10874005
2946 10874006 10874704
2947 10874705 10875386
2948 10875387 10876097
2949 10876098 10876815
2950 10876816 10877485
2951 10877486 10878162
2952 10878163 10878861
2953 10878862 10879527
2954 10879528 10880199
2955 10880200 10880866
2956 10880867 10881532
2957 10881533 10882240
2958 10882241 10882903
2959 10882904 10883580
2960 10883581 10884245
2961 10884246 10884892
2962 10884893 10885557
2963 10885558 10886226
2964 10886227 10886880
2965 10886881 10887547
2966 10887548 10888211
2967 10888212 10888892
2968 10888893 10889554
2969 10889555 10890223
2970 10890224 10890936
2971 10890937 10891665
2972 10891666 10892368
2973 10892369 10893037
2974 10893038 10893716
2975 10893717 10894412
2976 10894413 10895075
2977 10895076 10895776
2978 10895777 10896432
2979 10896433 10897104
2980 10897105 10897787
2981 10897788 10898455
2982 10898456 10899136
2983 10899137 10899801
2984 10899802 10900459
2985 10900460 10901161
2986 10901162 10901833
2987 10901834 10902518
2988 10902519 10903178
2989 10903179 10903848
2990 10903849 10904534
2991 10904535 10905206
2992 10905207 10905887
2993 10905888 10906608
2994 10906609 10907326
2995 10907327 10908054
2996 10908055 10908725
2997 10908726 10909422
2998 10909423 10910088
2999 10910089 10910748
3000 10910749 10911440
3001 10911441 10912091
3002 10912092 10912748
3003 10912749 10913428
3004 10913429 10914088
3005 10914089 10914766
3006 10914767 10915431
3007 10915432 10916123
3008 10916124 10916779
3009 10916780 10917467
3010 10917468 10918134
3011 10918135 10918803
3012 10918804 10919508
3013 10919509 10920203
3014 10920204 10920874
3015 10920875 10921556
3016 10921557 10922226
3017 10922227 10922928
3018 10922929 10923595
3019 10923596 10924252
3020 10924253 10924930
3021 10924931 10925601
3022 10925602 10926297
3023 10926298 10926979
3024 10926980 10927679
3025 10927680 10928352
3026 10928353 10929070
3027 10929071 10929787
3028 10929788 10930497
3029 10930498 10931223
3030 10931224 10931952
3031 10931953 10932655
3032 10932656 10933354
3033 10933355 10934070
3034 10934071 10934771
3035 10934772 10935453
3036 10935454 10936106
3037 10936107 10936777
3038 10936778 10937451
3039 10937452 10938147
3040 10938148 10938818
3041 10938819 10939495
3042 10939496 10940179
3043 10940180 10940827
3044 10940828 10941504
3045 10941505 10942205
3046 10942206 10942882
3047 10942883 10943593
3048 10943594 10944340
3049 10944341 10945086
3050 10945087 10945826
3051 10945827 10946511
3052 10946512 10947161
3053 10947162 10947822
3054 10947823 10948485
3055 10948486 10949156
3056 10949157 10949800
3057 10949801 10950490
3058 10950491 10951128
3059 10951129 10951776
3060 10951777 10952448
3061 10952449 10953099
3062 10953100 10953784
3063 10953785 10954448
3064 10954449 10954672
3065 10954673 10955359
3066 10955360 10956064
3067 10956065 10956755
3068 10956756 10957429
3069 10957430 10958126
3070 10958127 10958801
3071 10958802 10959489
3072 10959490 10960178
3073 10960179 10960881
3074 10960882 10961589
3075 10961590 10962253
3076 10962254 10962952
3077 10962953 10963650
3078 10963651 10964316
3079 10964317 10965045
3080 10965046 10965739
3081 10965740 10966392
3082 10966393 10967070
3083 10967071 10967734
3084 10967735 10968399
3085 10968400 10969061
3086 10969062 10969701
3087 10969702 10970364
3088 10970365 10971021
3089 10971022 10971684
3090 10971685 10972350
3091 10972351 10973009
3092 10973010 10973679
3093 10973680 10974386
3094 10974387 10975060
3095 10975061 10975759
3096 10975760 10976411
3097 10976412 10977091
3098 10977092 10977755
3099 10977756 10978484
3100 10978485 10979190
3101 10979191 10979899
3102 10979900 10980573
3103 10980574 10981249
3104 10981250 10981917
3105 10981918 10982608
3106 10982609 10983268
3107 10983269 10983944
3108 10983945 10984614
3109 10984615 10985313
3110 10985314 10985982
3111 10985983 10986676
3112 10986677 10987385
3113 10987386 10988094
3114 10988095 10988778
3115 10988779 10989455
3116 10989456 10990139
3117 10990140 10990813
3118 10990814 10991512
3119 10991513 10992188
3120 10992189 10992870
3121 10992871 10993537
3122 10993538 10994196
3123 10994197 10994850
3124 10994851 10995513
3125 10995514 10996160
3126 10996161 10996821
3127 10996822 10997482
3128 10997483 10998139
3129 10998140 10998832
3130 10998833 10999538
3131 10999539 11000210
3132 11000211 11000885
3133 11000886 11001561
3134 11001562 11002263
3135 11002264 11002951
3136 11002952 11003648
3137 11003649 11004383
3138 11004384 11005071
3139 11005072 11005771
3140 11005772 11006426
3141 11006427 11007083
3142 11007084 11007733
3143 11007734 11008435
3144 11008436 11009113
3145 11009114 11009790
3146 11009791 11010477
3147 11010478 11011146
3148 11011147 11011822
3149 11011823 11012480
3150 11012481 11013144
3151 11013145 11013803
3152 11013804 11014455
3153 11014456 11015120
3154 11015121 11015776
3155 11015777 11016450
3156 11016451 11017089
3157 11017090 11017741
3158 11017742 11018410
3159 11018411 11019074
3160 11019075 11019782
3161 11019783 11020471
3162 11020472 11021167
3163 11021168 11021845
3164 11021846 11022502
3165 11022503 11023172
3166 11023173 11023844
3167 11023845 11024492
3168 11024493 11025144
3169 11025145 11025816
3170 11025817 11026518
3171 11026519 11027188
3172 11027189 11027871
3173 11027872 11028537
3174 11028538 11029180
3175 11029181 11029850
3176 11029851 11030549
3177 11030550 11031220
3178 11031221 11031921
3179 11031922 11032591
3180 11032592 11033273
3181 11033274 11033937
3182 11033938 11034589
3183 11034590 11035247
3184 11035248 11035925
3185 11035926 11036605
3186 11036606 11037258
3187 11037259 11037909
3188 11037910 11038613
3189 11038614 11039296
3190 11039297 11039948
3191 11039949 11040598
3192 11040599 11041241
3193 11041242 11041923
3194 11041924 11042646
3195 11042647 11043328
3196 11043329 11043977
3197 11043978 11044633
3198 11044634 11045283
3199 11045284 11045947
3200 11045948 11046589
3201 11046590 11047253
3202 11047254 11047900
3203 11047901 11048546
3204 11048547 11049219
3205 11049220 11049874
3206 11049875 11050575
3207 11050576 11051244
3208 11051245 11051951
3209 11051952 11052589
3210 11052590 11053265
3211 11053266 11053931
3212 11053932 11055429
3213 11055430 11058712
3214 11058713 11059934
3215 11059935 11061732
3216 11061733 11066307
3217 11066308 11067408
3218 11067409 11071650
3219 11071651 11073495
3220 11073496 11075662
3221 11075663 11080639
3222 11080640 11083290
3223 11083291 11085911
3224 11085912 11086292
3225 11086293 11087839
3226 11087840 11089359
3227 11089360 11091568
3228 11091569 11093081
3229 11093082 11094182
3230 11094183 11096869
3231 11096870 11097904
3232 11097905 11098253
3233 11098254 11102850
3234 11102851 11104154
3235 11104155 11105067
3236 11105068 11109005
3237 11109006 11110365
3238 11110366 11113513
3239 11113514 11116156
3240 11116157 11117465
3241 11117466 11118723
3242 11118724 11121241
3243 11121242 11122458
3244 11122459 11123068
3245 11123069 11124423
3246 11124424 11131858
3247 11131859 11135746
3248 11135747 11142775
3249 11142776 11144455
3250 11144456 11146069
3251 11146070 11148126
3252 11148127 11149488
3253 11149489 11150014
3254 11150015 11151389
3255 11151390 11153706
3256 11153707 11158218
3257 11158219 11159776
3258 11159777 11171354
3259 11171355 11173427
3260 11173428 11174263
3261 11174264 11175201
3262 11175202 11176280
3263 11176281 11178124
3264 11178125 11178859
3265 11178860 11190450
3266 11190451 11192252
3267 11192253 11195236
3268 11195237 11199001
3269 11199002 11199970
3270 11199971 11202199
3271 11202200 11203447
3272 11203448 11208229
3273 11208230 11208559
3274 11208560 11215634
3275 11215635 11216696
3276 11216697 11218497
3277 11218498 11221083
3278 11221084 11222587
3279 11222588 11223852
3280 11223853 11225524
3281 11225525 11228539
3282 11228540 11229878
3283 11229879 11236344
3284 11236345 11239055
3285 11239056 11239518
3286 11239519 11243780
3287 11243781 11244320
3288 11244321 11245826
3289 11245827 11247971
3290 11247972 11250786
3291 11250787 11253981
3292 11253982 11255376
3293 11255377 11256929
3294 11256930 11258084
3295 11258085 11259554
3296 11259555 11261923
3297 11261924 11262533
3298 11262534 11262689
3299 11262690 11268024
3300 11268025 11269353
3301 11269354 11283974
3302 11283975 11285095
3303 11285096 11290355
3304 11290356 11292882
3305 11292883 11295996
3306 11295997 11302895
3307 11302896 11309126
3308 11309127 11318355
3309 11318356 11330077
3310 11330078 11332175
3311 11332176 11338702
3312 11338703 11344544
3313 11344545 11350547
3314 11350548 11351795
3315 11351796 11356755
3316 11356756 11366762
3317 11366763 11372291
3318 11372292 11375353
3319 11375354 11377695
3320 11377696 11379540
3321 11379541 11380979
3322 11380980 11382498
3323 11382499 11384082
3324 11384083 11385740
3325 11385741 11389220
3326 11389221 11391790
3327 11391791 11407088
3328 11407089 11410414
3329 11410415 11418407
3330 11418408 11422106
3331 11422107 11425555
3332 11425556 11431730
3333 11431731 11434305
3334 11434306 11438014
3335 11438015 11440794
3336 11440795 11450180
3337 11450181 11451583
3338 11451584 11453534
3339 11453535 11458530
3340 11458531 11459951
3341 11459952 11461668
3342 11461669 11463523
3343 11463524 11466418
3344 11466419 11474606
3345 11474607 11482145
3346 11482146 11485655
3347 11485656 11495425
3348 11495426 11497089
3349 11497090 11498060
3350 11498061 11499734
3351 11499735 11500778
3352 11500779 11515890
3353 11515891 11520042
3354 11520043 11526571
3355 11526572 11530077
3356 11530078 11533594
3357 11533595 11534829
3358 11534830 11539641
3359 11539642 11540422
3360 11540423 11540940
3361 11540941 11548750
3362 11548751 11551628
3363 11551629 11555276
3364 11555277 11558030
3365 11558031 11559262
3366 11559263 11560274
3367 11560275 11572156
3368 11572157 11577532
3369 11577533 11583451
3370 11583452 11585236
3371 11585237 11586305
3372 11586306 11608995
3373 11608996 11610521
3374 11610522 11617161
3375 11617162 11623594
3376 11623595 11627389
3377 11627390 11627532
3378 11627533 11630365
3379 11630366 11633087
3380 11633088 11634353
3381 11634354 11635475
3382 11635476 11636352
3383 11636353 11637349
3384 11637350 11638361
3385 11638362 11640737
3386 11640738 11642497
3387 11642498 11643416
3388 11643417 11644566
3389 11644567 11645940
3390 11645941 11646955
3391 11646956 11648921
3392 11648922 11651563
3393 11651564 11652855
3394 11652856 11655614
3395 11655615 11658449
3396 11658450 11661465
3397 11661466 11662544
3398 11662545 11665106
3399 11665107 11669419
3400 11669420 11672768
3401 11672769 11678668
3402 11678669 11681986
3403 11681987 11682925
3404 11682926 11687571
3405 11687572 11689902
3406 11689903 11690715
3407 11690716 11696539
3408 11696540 11697792
3409 11697793 11703826
3410 11703827 11704719
3411 11704720 11706356
3412 11706357 11707248
3413 11707249 11710541
3414 11710542 11716977
3415 11716978 11717822
3416 11717823 11721261
3417 11721262 11725317
3418 11725318 11726583
3419 11726584 11727683
3420 11727684 11729504
3421 11729505 11731058
3422 11731059 11733574
3423 11733575 11736089
3424 11736090 11737856
3425 11737857 11739254
3426 11739255 11742183
3427 11742184 11744639
3428 11744640 11746226
3429 11746227 11748106
3430 11748107 11749206
3431 11749207 11750176
3432 11750177 11753559
3433 11753560 11755536
3434 11755537 11757484
3435 11757485 11759727
3436 11759728 11761700
3437 11761701 11764843
3438 11764844 11766656
3439 11766657 11769872
3440 11769873 11773692
3441 11773693 11774228
3442 11774229 11775352
3443 11775353 11776181
3444 11776182 11778768
3445 11778769 11779844
3446 11779845 11782143
3447 11782144 11784024
3448 11784025 11785467
3449 11785468 11786210
3450 11786211 11787906
3451 11787907 11790463
3452 11790464 11792048
3453 11792049 11794353
3454 11794354 11796761
3455 11796762 11797847
3456 11797848 11800386
3457 11800387 11801831
3458 11801832 11806036
3459 11806037 11808164
3460 11808165 11809973
3461 11809974 11812241
3462 11812242 11812797
3463 11812798 11813646
3464 11813647 11816229
3465 11816230 11820487
3466 11820488 11824064
3467 11824065 11824987
3468 11824988 11829086
3469 11829087 11832619
3470 11832620 11833859
3471 11833860 11836273
3472 11836274 11838946
3473 11838947 11839090
3474 11839091 11839581
3475 11839582 11842763
3476 11842764 11844893
3477 11844894 11855106
3478 11855107 11856252
3479 11856253 11857614
3480 11857615 11862815
3481 11862816 11865367
3482 11865368 11872041
3483 11872042 11879886
3484 11879887 11881323
3485 11881324 11883114
3486 11883115 11885379
3487 11885380 11888812
3488 11888813 11890789
3489 11890790 11892910
3490 11892911 11898978
3491 11898979 11901073
3492 11901074 11902549
3493 11902550 11903675
3494 11903676 11906872
3495 11906873 11913206
3496 11913207 11915209
3497 11915210 11917620
3498 11917621 11920248
3499 11920249 11922880
3500 11922881 11926502
3501 11926503 11927934
3502 11927935 11936449
3503 11936450 11940378
3504 11940379 11950843
3505 11950844 11954962
3506 11954963 11962184
3507 11962185 11972239
3508 11972240 11975618
3509 11975619 11982133
3510 11982134 11986525
3511 11986526 11991206
3512 11991207 11994219
3513 11994220 11995559
3514 11995560 11998652
3515 11998653 12000628
3516 12000629 12002317
3517 12002318 12004052
3518 12004053 12007425
3519 12007426 12009509
3520 12009510 12011658
3521 12011659 12012661
3522 12012662 12014574
3523 12014575 12018551
3524 12018552 12020769
3525 12020770 12026187
3526 12026188 12027951
3527 12027952 12029867
3528 12029868 12032431
3529 12032432 12034637
3530 12034638 12036450
3531 12036451 12038853
3532 12038854 12044891
3533 12044892 12049865
3534 12049866 12051513
3535 12051514 12065208
3536 12065209 12066204
3537 12066205 12080729
3538 12080730 12082603
3539 12082604 12084228
3540 12084229 12085343
3541 12085344 12086880
3542 12086881 12088664
3543 12088665 12094762
3544 12094763 12097770
3545 12097771 12100868
3546 12100869 12103274
3547 12103275 12105248
3548 12105249 12108118
3549 12108119 12113541
3550 12113542 12128953
3551 12128954 12136212
3552 12136213 12139587
3553 12139588 12142841
3554 12142842 12145401
3555 12145402 12148381
3556 12148382 12149743
3557 12149744 12152060
3558 12152061 12157353
3559 12157354 12158984
3560 12158985 12160300
3561 12160301 12162310
3562 12162311 12164933
3563 12164934 12166981
3564 12166982 12168496
3565 12168497 12170005
3566 12170006 12171419
3567 12171420 12173929
3568 12173930 12174077
3569 12174078 12183754
3570 12183755 12185798
3571 12185799 12187676
3572 12187677 12190346
3573 12190347 12193558
3574 12193559 12203121
3575 12203122 12206608
3576 12206609 12215011
3577 12215012 12217173
3578 12217174 12218924
3579 12218925 12220014
3580 12220015 12221517
3581 12221518 12222597
3582 12222598 12223990
3583 12223991 12229375
3584 12229376 12234392
3585 12234393 12236568
3586 12236569 12238331
3587 12238332 12242372
3588 12242373 12244716
3589 12244717 12246997
3590 12246998 12254692
3591 12254693 12256032
3592 12256033 12257531
3593 12257532 12261835
3594 12261836 12263123
3595 12263124 12264379
3596 12264380 12265812
3597 12265813 12267522
3598 12267523 12272730
3599 12272731 12275277
3600 12275278 12276674
3601 12276675 12287629
3602 12287630 12291482
3603 12291483 12301082
3604 12301083 12304891
3605 12304892 12306481
3606 12306482 12308618
3607 12308619 12315674
3608 12315675 12317562
3609 12317563 12324948
3610 12324949 12328358
3611 12328359 12330301
3612 12330302 12343212
3613 12343213 12348487
3614 12348488 12353187
3615 12353188 12354586
3616 12354587 12357083
3617 12357084 12359427
3618 12359428 12361603
3619 12361604 12365232
3620 12365233 12366635
3621 12366636 12377703
3622 12377704 12378895
3623 12378896 12379589
3624 12379590 12384371
3625 12384372 12386434
3626 12386435 12387751
3627 12387752 12388675
3628 12388676 12391813
3629 12391814 12393730
3630 12393731 12396630
3631 12396631 12397623
3632 12397624 12398966
3633 12398967 12400344
3634 12400345 12400894
3635 12400895 12405874
3636 12405875 12409141
3637 12409142 12411374
3638 12411375 12412256
3639 12412257 12413064
3640 12413065 12414331
3641 12414332 12420038
3642 12420039 12421651
3643 12421652 12422441
3644 12422442 12424148
3645 12424149 12437149
3646 12437150 12437725
3647 12437726 12439589
3648 12439590 12442083
3649 12442084 12444428
3650 12444429 12447138
3651 12447139 12448810
3652 12448811 12449454
3653 12449455 12451637
3654 12451638 12453856
3655 12453857 12456079
3656 12456080 12458425
3657 12458426 12460583
3658 12460584 12461087
3659 12461088 12463538
3660 12463539 12464794
3661 12464795 12467918
3662 12467919 12469500
3663 12469501 12470229
3664 12470230 12471296
