1 0 141
2 142 1191
3 1192 2297
4 2298 9007
5 9008 11188
6 11189 13140
7 13141 19850
8 19851 26077
9 26078 29725
10 29726 30377
11 30378 32235
12 32236 35337
13 35338 36616
14 36617 38938
15 38939 40072
16 40073 43573
17 43574 47706
18 47707 52055
19 52056 58364
20 58365 62140
21 62141 62873
22 62874 67171
23 67172 71273
24 71274 71831
25 71832 72851
26 72852 74456
27 74457 78132
28 78133 81742
29 81743 86567
30 86568 89286
31 89287 91386
32 91387 94538
33 94539 95361
34 95362 102564
35 102565 103532
36 103533 106701
37 106702 109107
38 109108 111802
39 111803 115229
40 115230 117800
41 117801 121892
42 121893 123955
43 123956 125838
44 125839 130295
45 130296 131739
46 131740 136185
47 136186 140088
48 140089 145790
49 145791 152476
50 152477 157028
51 157029 158850
52 158851 160141
53 160142 163011
54 163012 169476
55 169477 172036
56 172037 175505
57 175506 178239
58 178240 180537
59 180538 191058
60 191059 191843
61 191844 200980
62 200981 207815
63 207816 210041
64 210042 212583
65 212584 214995
66 214996 217386
67 217387 218754
68 218755 219911
69 219912 222878
70 222879 233071
71 233072 234369
72 234370 238359
73 238360 239505
74 239506 239983
75 239984 250800
76 250801 252657
77 252658 256042
78 256043 259406
79 259407 263010
80 263011 272724
81 272725 274930
82 274931 276063
83 276064 276865
84 276866 277941
85 277942 279795
86 279796 288338
87 288339 291815
88 291816 298182
89 298183 303018
90 303019 308650
91 308651 310378
92 310379 315760
93 315761 317473
94 317474 319205
95 319206 326029
96 326030 328835
97 328836 330353
98 330354 332441
99 332442 335043
100 335044 337643
101 337644 341446
102 341447 341593
103 341594 344291
104 344292 347057
105 347058 348995
106 348996 351452
107 351453 358635
108 358636 360210
109 360211 361376
110 361377 362542
111 362543 363700
112 363701 364866
113 364867 366032
114 366033 367198
115 367199 368364
116 368365 369530
117 369531 370696
118 370697 371505
119 371506 372646
120 372647 380747
121 380748 386314
122 386315 387655
123 387656 389680
124 389681 394456
125 394457 401262
126 401263 409469
127 409470 413406
128 413407 418917
129 418918 420182
130 420183 429059
131 429060 435096
132 435097 437177
133 437178 441653
134 441654 443616
135 443617 452941
136 452942 455362
137 455363 456651
138 456652 459593
139 459594 461769
140 461770 464802
141 464803 465761
142 465762 469550
143 469551 472165
144 472166 473698
145 473699 477126
146 477127 478801
147 478802 485194
148 485195 487681
149 487682 489855
150 489856 494948
151 494949 503537
152 503538 508748
153 508749 509857
154 509858 511178
155 511179 512662
156 512663 515149
157 515150 517532
158 517533 519373
159 519374 522897
160 522898 525338
161 525339 529286
162 529287 533062
163 533063 533520
164 533521 546928
165 546929 556553
166 556554 559036
167 559037 561141
168 561142 563594
169 563595 566271
170 566272 572675
171 572676 580694
172 580695 585945
173 585946 591914
174 591915 596495
175 596496 599012
176 599013 601517
177 601518 608953
178 608954 617486
179 617487 622913
180 622914 623578
181 623579 626394
182 626395 629661
183 629662 630817
184 630818 632616
185 632617 634558
186 634559 635216
187 635217 635715
188 635716 636337
189 636338 638931
190 638932 641467
191 641468 643406
192 643407 649197
193 649198 651251
194 651252 655093
195 655094 663248
196 663249 667457
197 667458 669862
198 669863 671457
199 671458 674487
200 674488 676284
201 676285 684612
202 684613 686329
203 686330 686475
204 686476 688446
205 688447 690023
206 690024 692599
207 692600 694622
208 694623 698390
209 698391 699348
210 699349 700571
211 700572 702513
212 702514 703967
213 703968 707794
214 707795 713528
215 713529 715784
216 715785 718702
217 718703 720222
218 720223 725988
219 725989 728662
220 728663 729965
221 729966 731246
222 731247 732596
223 732597 740567
224 740568 742295
225 742296 745141
226 745142 746399
227 746400 747845
228 747846 752985
229 752986 756042
230 756043 757354
231 757355 760158
232 760159 761617
233 761618 762562
234 762563 765353
235 765354 766863
236 766864 767786
237 767787 770802
238 770803 772040
239 772041 780835
240 780836 783459
241 783460 785099
242 785100 787349
243 787350 789355
244 789356 795624
245 795625 797718
246 797719 799300
247 799301 802463
248 802464 806538
249 806539 809237
250 809238 812135
251 812136 813187
252 813188 814621
253 814622 820142
254 820143 821804
255 821805 825438
256 825439 827534
257 827535 833358
258 833359 840154
259 840155 841390
260 841391 842925
261 842926 843297
262 843298 845511
263 845512 847268
264 847269 850229
265 850230 851464
266 851465 853439
267 853440 854376
268 854377 856259
269 856260 859241
270 859242 866142
271 866143 868818
272 868819 870396
273 870397 872179
274 872180 873899
275 873900 874874
276 874875 883848
277 883849 889473
278 889474 895156
279 895157 900656
280 900657 907413
281 907414 909501
282 909502 928972
283 928973 936667
284 936668 938501
285 938502 939753
286 939754 942803
287 942804 944675
288 944676 947382
289 947383 951571
290 951572 952998
291 952999 953607
292 953608 960193
293 960194 962623
294 962624 964466
295 964467 967827
296 967828 969730
297 969731 983503
298 983504 984059
299 984060 985713
300 985714 988758
301 988759 991140
302 991141 993986
303 993987 1012374
304 1012375 1012516
305 1012517 1015230
306 1015231 1015976
307 1015977 1021947
308 1021948 1025294
309 1025295 1034258
310 1034259 1038294
311 1038295 1040356
312 1040357 1043799
313 1043800 1051408
314 1051409 1054061
315 1054062 1056811
316 1056812 1066492
317 1066493 1085850
318 1085851 1088979
319 1088980 1091745
320 1091746 1097134
321 1097135 1099408
322 1099409 1103688
323 1103689 1110297
324 1110298 1111280
325 1111281 1116182
326 1116183 1124483
327 1124484 1129851
328 1129852 1136550
329 1136551 1137493
330 1137494 1141301
331 1141302 1144273
332 1144274 1147880
333 1147881 1150443
334 1150444 1154166
335 1154167 1158875
336 1158876 1168528
337 1168529 1178188
338 1178189 1189740
339 1189741 1191916
340 1191917 1196735
341 1196736 1199776
342 1199777 1201447
343 1201448 1207256
344 1207257 1209310
345 1209311 1211256
346 1211257 1219671
347 1219672 1228489
348 1228490 1231270
349 1231271 1235786
350 1235787 1238957
351 1238958 1240924
352 1240925 1251596
353 1251597 1257901
354 1257902 1262807
355 1262808 1268136
356 1268137 1269479
357 1269480 1271358
358 1271359 1274986
359 1274987 1275205
360 1275206 1278932
361 1278933 1281488
362 1281489 1289199
363 1289200 1296227
364 1296228 1302738
365 1302739 1311563
366 1311564 1314739
367 1314740 1317575
368 1317576 1319444
369 1319445 1326530
370 1326531 1329967
371 1329968 1332643
372 1332644 1333831
373 1333832 1345493
374 1345494 1356359
375 1356360 1366286
376 1366287 1373248
377 1373249 1382210
378 1382211 1384528
379 1384529 1385073
380 1385074 1387873
381 1387874 1388521
382 1388522 1394919
383 1394920 1399244
384 1399245 1401591
385 1401592 1410809
386 1410810 1417355
387 1417356 1418942
388 1418943 1426381
389 1426382 1429139
390 1429140 1436848
391 1436849 1441348
392 1441349 1444313
393 1444314 1450648
394 1450649 1459927
395 1459928 1462926
396 1462927 1467337
397 1467338 1471260
398 1471261 1473001
399 1473002 1479544
400 1479545 1485044
401 1485045 1490303
402 1490304 1498358
403 1498359 1500221
404 1500222 1503066
405 1503067 1503213
406 1503214 1504532
407 1504533 1510073
408 1510074 1511337
409 1511338 1513317
410 1513318 1516005
411 1516006 1518449
412 1518450 1519689
413 1519690 1520852
414 1520853 1527696
415 1527697 1530889
416 1530890 1533509
417 1533510 1538777
418 1538778 1540718
419 1540719 1543314
420 1543315 1548115
421 1548116 1552869
422 1552870 1557382
423 1557383 1560496
424 1560497 1568217
425 1568218 1574056
426 1574057 1577611
427 1577612 1580981
428 1580982 1583373
429 1583374 1586894
430 1586895 1589095
431 1589096 1591161
432 1591162 1600376
433 1600377 1605812
434 1605813 1613364
435 1613365 1618832
436 1618833 1623718
437 1623719 1632012
438 1632013 1643991
439 1643992 1650350
440 1650351 1651810
441 1651811 1653695
442 1653696 1654698
443 1654699 1660025
444 1660026 1663005
445 1663006 1663703
446 1663704 1667921
447 1667922 1668764
448 1668765 1671940
449 1671941 1672701
450 1672702 1673649
451 1673650 1677905
452 1677906 1681603
453 1681604 1682906
454 1682907 1684741
455 1684742 1685917
456 1685918 1687581
457 1687582 1688487
458 1688488 1691013
459 1691014 1695425
460 1695426 1700135
461 1700136 1701273
462 1701274 1703543
463 1703544 1704527
464 1704528 1706527
465 1706528 1707448
466 1707449 1708669
467 1708670 1710180
468 1710181 1710762
469 1710763 1714755
470 1714756 1716231
471 1716232 1721070
472 1721071 1723580
473 1723581 1725674
474 1725675 1728190
475 1728191 1730457
476 1730458 1733969
477 1733970 1735669
478 1735670 1736819
479 1736820 1739453
480 1739454 1741506
481 1741507 1743429
482 1743430 1747747
483 1747748 1762371
484 1762372 1764521
485 1764522 1771134
486 1771135 1784890
487 1784891 1793977
488 1793978 1797708
489 1797709 1802340
490 1802341 1806005
491 1806006 1811702
492 1811703 1813418
493 1813419 1822539
494 1822540 1826551
495 1826552 1828468
496 1828469 1838257
497 1838258 1844769
498 1844770 1847247
499 1847248 1851801
500 1851802 1859377
501 1859378 1861488
502 1861489 1865218
503 1865219 1869556
504 1869557 1870667
505 1870668 1872906
506 1872907 1873040
507 1873041 1877381
508 1877382 1882866
509 1882867 1885907
510 1885908 1888680
511 1888681 1892446
512 1892447 1894594
513 1894595 1898626
514 1898627 1911789
515 1911790 1914328
516 1914329 1916271
517 1916272 1919918
518 1919919 1923808
519 1923809 1927708
520 1927709 1929629
521 1929630 1935092
522 1935093 1941993
523 1941994 1944526
524 1944527 1949133
525 1949134 1956134
526 1956135 1957662
527 1957663 1960171
528 1960172 1962869
529 1962870 1963708
530 1963709 1969094
531 1969095 1969388
532 1969389 1970251
533 1970252 1973853
534 1973854 1979804
535 1979805 1981067
536 1981068 1982477
537 1982478 1986189
538 1986190 1990797
539 1990798 1993209
540 1993210 1995437
541 1995438 1999239
542 1999240 2003325
543 2003326 2004279
544 2004280 2007242
545 2007243 2008407
546 2008408 2010216
547 2010217 2012244
548 2012245 2015396
549 2015397 2022565
550 2022566 2031203
551 2031204 2035195
552 2035196 2039218
553 2039219 2043871
554 2043872 2047800
555 2047801 2052456
556 2052457 2053639
557 2053640 2057881
558 2057882 2060615
559 2060616 2062357
560 2062358 2063461
561 2063462 2067527
562 2067528 2071429
563 2071430 2074345
564 2074346 2075661
565 2075662 2078853
566 2078854 2086570
567 2086571 2105670
568 2105671 2107893
569 2107894 2111704
570 2111705 2113377
571 2113378 2117656
572 2117657 2122803
573 2122804 2131683
574 2131684 2134853
575 2134854 2148256
576 2148257 2152027
577 2152028 2152238
578 2152239 2158639
579 2158640 2167376
580 2167377 2173170
581 2173171 2175363
582 2175364 2180364
583 2180365 2181604
584 2181605 2185494
585 2185495 2191885
586 2191886 2193576
587 2193577 2197042
588 2197043 2199874
589 2199875 2206193
590 2206194 2211615
591 2211616 2213448
592 2213449 2220229
593 2220230 2223929
594 2223930 2234390
595 2234391 2241397
596 2241398 2245986
597 2245987 2249537
598 2249538 2256016
599 2256017 2265681
600 2265682 2267300
601 2267301 2270104
602 2270105 2272531
603 2272532 2277117
604 2277118 2285857
605 2285858 2287469
606 2287470 2292311
607 2292312 2292457
608 2292458 2297472
609 2297473 2304032
610 2304033 2308769
611 2308770 2313024
612 2313025 2316647
613 2316648 2319717
614 2319718 2323838
615 2323839 2332503
616 2332504 2336559
617 2336560 2344111
618 2344112 2382699
619 2382700 2388159
620 2388160 2406051
621 2406052 2411362
622 2411363 2414151
623 2414152 2424712
624 2424713 2428515
625 2428516 2433263
626 2433264 2438691
627 2438692 2443537
628 2443538 2448803
629 2448804 2455549
630 2455550 2462054
631 2462055 2466753
632 2466754 2470923
633 2470924 2479896
634 2479897 2488321
635 2488322 2493824
636 2493825 2498116
637 2498117 2505580
638 2505581 2513505
639 2513506 2519173
640 2519174 2524551
641 2524552 2529036
642 2529037 2534016
643 2534017 2538354
644 2538355 2542744
645 2542745 2548110
646 2548111 2549387
647 2549388 2553416
648 2553417 2573308
649 2573309 2577037
650 2577038 2583390
651 2583391 2588088
652 2588089 2590922
653 2590923 2594423
654 2594424 2598357
655 2598358 2601845
656 2601846 2606142
657 2606143 2618078
658 2618079 2622342
659 2622343 2630581
660 2630582 2638464
661 2638465 2646487
662 2646488 2653817
663 2653818 2655466
664 2655467 2660738
665 2660739 2677207
666 2677208 2681835
667 2681836 2691304
668 2691305 2696633
669 2696634 2700850
670 2700851 2705656
671 2705657 2709707
672 2709708 2720236
673 2720237 2725811
674 2725812 2729944
675 2729945 2733127
676 2733128 2736893
677 2736894 2740834
678 2740835 2744167
679 2744168 2747605
680 2747606 2766056
681 2766057 2770884
682 2770885 2776268
683 2776269 2779687
684 2779688 2791182
685 2791183 2799079
686 2799080 2818638
687 2818639 2824113
688 2824114 2825363
689 2825364 2827510
690 2827511 2830401
691 2830402 2834087
692 2834088 2853461
693 2853462 2873258
694 2873259 2877630
695 2877631 2881948
696 2881949 2885490
697 2885491 2898075
698 2898076 2904880
699 2904881 2930687
700 2930688 2941935
701 2941936 2949050
702 2949051 2950621
703 2950622 2956589
704 2956590 2962961
705 2962962 2986572
706 2986573 2988159
707 2988160 2990989
708 2990990 2991137
709 2991138 2992772
710 2992773 2993004
711 2993005 2995836
712 2995837 2996795
713 2996796 2997931
714 2997932 3013520
715 3013521 3019964
716 3019965 3033939
717 3033940 3034687
718 3034688 3037468
719 3037469 3039531
720 3039532 3042151
721 3042152 3044947
722 3044948 3046736
723 3046737 3066811
724 3066812 3075861
725 3075862 3079444
726 3079445 3083009
727 3083010 3086415
728 3086416 3088529
729 3088530 3091902
730 3091903 3092343
731 3092344 3094901
732 3094902 3097821
733 3097822 3111762
734 3111763 3113580
735 3113581 3117699
736 3117700 3120470
737 3120471 3123450
738 3123451 3124390
739 3124391 3125089
740 3125090 3145250
741 3145251 3149107
742 3149108 3149348
743 3149349 3177995
744 3177996 3182220
745 3182221 3189632
746 3189633 3198974
747 3198975 3229297
748 3229298 3248991
749 3248992 3249952
750 3249953 3250579
751 3250580 3252914
752 3252915 3254539
753 3254540 3259515
754 3259516 3262841
755 3262842 3266900
756 3266901 3269411
757 3269412 3274013
758 3274014 3275168
759 3275169 3277182
760 3277183 3277862
761 3277863 3278294
762 3278295 3288224
763 3288225 3290535
764 3290536 3291399
765 3291400 3321862
766 3321863 3325415
767 3325416 3326357
768 3326358 3328953
769 3328954 3332087
770 3332088 3332428
771 3332429 3339653
772 3339654 3358695
773 3358696 3364408
774 3364409 3365721
775 3365722 3367911
776 3367912 3370269
777 3370270 3372888
778 3372889 3375449
779 3375450 3376704
780 3376705 3385714
781 3385715 3389372
782 3389373 3391528
783 3391529 3393897
784 3393898 3416003
785 3416004 3416866
786 3416867 3417272
787 3417273 3418434
788 3418435 3422289
789 3422290 3423435
790 3423436 3426984
791 3426985 3430245
792 3430246 3431833
793 3431834 3433190
794 3433191 3435217
795 3435218 3437385
796 3437386 3438679
797 3438680 3440003
798 3440004 3443909
799 3443910 3444472
800 3444473 3450953
801 3450954 3453538
802 3453539 3457221
803 3457222 3458052
804 3458053 3459334
805 3459335 3461762
806 3461763 3462462
807 3462463 3463261
808 3463262 3468289
809 3468290 3468435
810 3468436 3472139
811 3472140 3474162
812 3474163 3477401
813 3477402 3480285
814 3480286 3487885
815 3487886 3488318
816 3488319 3488853
817 3488854 3500136
818 3500137 3504650
819 3504651 3508349
820 3508350 3517398
821 3517399 3520828
822 3520829 3522902
823 3522903 3524926
824 3524927 3532080
825 3532081 3538567
826 3538568 3542280
827 3542281 3544549
828 3544550 3559541
829 3559542 3565978
830 3565979 3567329
831 3567330 3569327
832 3569328 3572287
833 3572288 3574894
834 3574895 3577053
835 3577054 3578664
836 3578665 3579427
837 3579428 3580840
838 3580841 3581597
839 3581598 3582006
840 3582007 3586016
841 3586017 3589963
842 3589964 3593048
843 3593049 3597235
844 3597236 3604865
845 3604866 3610325
846 3610326 3611703
847 3611704 3617052
848 3617053 3618247
849 3618248 3619198
850 3619199 3621079
851 3621080 3623521
852 3623522 3629040
853 3629041 3631573
854 3631574 3639696
855 3639697 3642189
856 3642190 3643127
857 3643128 3643996
858 3643997 3645661
859 3645662 3647922
860 3647923 3655231
861 3655232 3656894
862 3656895 3661685
863 3661686 3664164
864 3664165 3667824
865 3667825 3670539
866 3670540 3677530
867 3677531 3679856
868 3679857 3682901
869 3682902 3687528
870 3687529 3690073
871 3690074 3692980
872 3692981 3694908
873 3694909 3696205
874 3696206 3700965
875 3700966 3702622
876 3702623 3703648
877 3703649 3705273
878 3705274 3707096
879 3707097 3711728
880 3711729 3713424
881 3713425 3716132
882 3716133 3725504
883 3725505 3727404
884 3727405 3730061
885 3730062 3739174
886 3739175 3742748
887 3742749 3748929
888 3748930 3752321
889 3752322 3755300
890 3755301 3763205
891 3763206 3764962
892 3764963 3767186
893 3767187 3768856
894 3768857 3769842
895 3769843 3772253
896 3772254 3773955
897 3773956 3775759
898 3775760 3790861
899 3790862 3798271
900 3798272 3801437
901 3801438 3803135
902 3803136 3804569
903 3804570 3812280
904 3812281 3814295
905 3814296 3816432
906 3816433 3818239
907 3818240 3819948
908 3819949 3822048
909 3822049 3823228
910 3823229 3823430
911 3823431 3823865
912 3823866 3824310
913 3824311 3824771
914 3824772 3825276
915 3825277 3825751
916 3825752 3826234
917 3826235 3826741
918 3826742 3827284
919 3827285 3827775
920 3827776 3828296
921 3828297 3828793
922 3828794 3829282
923 3829283 3829787
924 3829788 3830260
925 3830261 3830801
926 3830802 3830943
927 3830944 3834300
928 3834301 3838008
929 3838009 3844382
930 3844383 3845887
931 3845888 3848589
932 3848590 3850700
933 3850701 3853826
934 3853827 3855446
935 3855447 3863978
936 3863979 3867499
937 3867500 3870907
938 3870908 3872290
939 3872291 3880223
940 3880224 3888440
941 3888441 3897094
942 3897095 3902797
943 3902798 3910233
944 3910234 3917332
945 3917333 3922840
946 3922841 3924652
947 3924653 3931093
948 3931094 3940146
949 3940147 3944027
950 3944028 3948637
951 3948638 3951381
952 3951382 3953795
953 3953796 3957673
954 3957674 3962499
955 3962500 3966778
956 3966779 3970042
957 3970043 3977111
958 3977112 3985703
959 3985704 3994208
960 3994209 3997021
961 3997022 3997683
962 3997684 4001889
963 4001890 4010041
964 4010042 4018394
965 4018395 4023818
966 4023819 4026247
967 4026248 4033861
968 4033862 4040519
969 4040520 4043997
970 4043998 4046912
971 4046913 4047987
972 4047988 4051056
973 4051057 4061672
974 4061673 4069251
975 4069252 4076883
976 4076884 4077939
977 4077940 4080923
978 4080924 4082732
979 4082733 4090775
980 4090776 4097732
981 4097733 4101809
982 4101810 4102856
983 4102857 4112451
984 4112452 4122097
985 4122098 4124818
986 4124819 4128627
987 4128628 4134333
988 4134334 4149131
989 4149132 4152191
990 4152192 4156662
991 4156663 4164569
992 4164570 4171083
993 4171084 4173605
994 4173606 4177486
995 4177487 4181302
996 4181303 4183176
997 4183177 4186577
998 4186578 4191670
999 4191671 4193925
1000 4193926 4195047
1001 4195048 4196426
1002 4196427 4200437
1003 4200438 4201443
1004 4201444 4204945
1005 4204946 4208261
1006 4208262 4211952
1007 4211953 4215244
1008 4215245 4217724
1009 4217725 4218726
1010 4218727 4220003
1011 4220004 4228085
1012 4228086 4235113
1013 4235114 4239612
1014 4239613 4246925
1015 4246926 4247936
1016 4247937 4251281
1017 4251282 4260367
1018 4260368 4262530
1019 4262531 4268841
1020 4268842 4275143
1021 4275144 4276301
1022 4276302 4277147
1023 4277148 4283963
1024 4283964 4287560
1025 4287561 4290256
1026 4290257 4291295
1027 4291296 4291441
1028 4291442 4293054
1029 4293055 4296155
1030 4296156 4297357
1031 4297358 4297964
1032 4297965 4299557
1033 4299558 4301221
1034 4301222 4302811
1035 4302812 4311655
1036 4311656 4319462
1037 4319463 4323921
1038 4323922 4326871
1039 4326872 4327504
1040 4327505 4335219
1041 4335220 4339292
1042 4339293 4351872
1043 4351873 4356826
1044 4356827 4359379
1045 4359380 4363308
1046 4363309 4379541
1047 4379542 4385880
1048 4385881 4388530
1049 4388531 4388859
1050 4388860 4391238
1051 4391239 4395124
1052 4395125 4397972
1053 4397973 4411563
1054 4411564 4419525
1055 4419526 4421464
1056 4421465 4424274
1057 4424275 4426235
1058 4426236 4428114
1059 4428115 4431615
1060 4431616 4433861
1061 4433862 4436949
1062 4436950 4438970
1063 4438971 4440829
1064 4440830 4443050
1065 4443051 4446017
1066 4446018 4448904
1067 4448905 4450864
1068 4450865 4453109
1069 4453110 4455329
1070 4455330 4457187
1071 4457188 4459207
1072 4459208 4461841
1073 4461842 4465192
1074 4465193 4467390
1075 4467391 4469331
1076 4469332 4471135
1077 4471136 4473251
1078 4473252 4477783
1079 4477784 4481711
1080 4481712 4485541
1081 4485542 4488578
1082 4488579 4491060
1083 4491061 4493657
1084 4493658 4496019
1085 4496020 4498422
1086 4498423 4502954
1087 4502955 4503298
1088 4503299 4509193
1089 4509194 4513121
1090 4513122 4516951
1091 4516952 4526935
1092 4526936 4529773
1093 4529774 4530763
1094 4530764 4535217
1095 4535218 4542419
1096 4542420 4542748
1097 4542749 4545977
1098 4545978 4548679
1099 4548680 4551088
1100 4551089 4553716
1101 4553717 4557315
1102 4557316 4561699
1103 4561700 4564340
1104 4564341 4569362
1105 4569363 4572142
1106 4572143 4580400
1107 4580401 4583183
1108 4583184 4589501
1109 4589502 4591978
1110 4591979 4593228
1111 4593229 4611099
1112 4611100 4621003
1113 4621004 4623994
1114 4623995 4627268
1115 4627269 4633186
1116 4633187 4636699
1117 4636700 4638671
1118 4638672 4641781
1119 4641782 4646306
1120 4646307 4650712
1121 4650713 4654462
1122 4654463 4657484
1123 4657485 4682090
1124 4682091 4693453
1125 4693454 4709808
1126 4709809 4740566
1127 4740567 4744382
1128 4744383 4744552
1129 4744553 4745332
1130 4745333 4748580
1131 4748581 4749365
1132 4749366 4755600
1133 4755601 4761977
1134 4761978 4767732
1135 4767733 4778498
1136 4778499 4782309
1137 4782310 4783911
1138 4783912 4786078
1139 4786079 4795680
1140 4795681 4800010
1141 4800011 4806413
1142 4806414 4809479
1143 4809480 4815595
1144 4815596 4821692
1145 4821693 4823403
1146 4823404 4829893
1147 4829894 4833186
1148 4833187 4839914
1149 4839915 4848966
1150 4848967 4850409
1151 4850410 4853337
1152 4853338 4855130
1153 4855131 4858499
1154 4858500 4864534
1155 4864535 4871349
1156 4871350 4877670
1157 4877671 4884113
1158 4884114 4893831
1159 4893832 4903590
1160 4903591 4904789
1161 4904790 4905521
1162 4905522 4906686
1163 4906687 4910501
1164 4910502 4911188
1165 4911189 4916733
1166 4916734 4918143
1167 4918144 4920942
1168 4920943 4923278
1169 4923279 4928824
1170 4928825 4941060
1171 4941061 4943675
1172 4943676 4969779
1173 4969780 4973508
1174 4973509 4977562
1175 4977563 4990011
1176 4990012 4994431
1177 4994432 4998341
1178 4998342 5013011
1179 5013012 5025303
1180 5025304 5028997
1181 5028998 5030652
1182 5030653 5039773
1183 5039774 5041595
1184 5041596 5042326
1185 5042327 5045576
1186 5045577 5048451
1187 5048452 5054289
1188 5054290 5063926
1189 5063927 5067988
1190 5067989 5069141
1191 5069142 5070945
1192 5070946 5076464
1193 5076465 5081080
1194 5081081 5085642
1195 5085643 5090055
1196 5090056 5091932
1197 5091933 5096321
1198 5096322 5100015
1199 5100016 5106198
1200 5106199 5110408
1201 5110409 5111532
1202 5111533 5112285
1203 5112286 5121148
1204 5121149 5125121
1205 5125122 5132147
1206 5132148 5133678
1207 5133679 5136175
1208 5136176 5137281
1209 5137282 5138325
1210 5138326 5139360
1211 5139361 5144706
1212 5144707 5155724
1213 5155725 5156490
1214 5156491 5157175
1215 5157176 5161212
1216 5161213 5171321
1217 5171322 5172649
1218 5172650 5175778
1219 5175779 5176649
1220 5176650 5177351
1221 5177352 5177997
1222 5177998 5179004
1223 5179005 5179749
1224 5179750 5181521
1225 5181522 5193839
1226 5193840 5198185
1227 5198186 5209396
1228 5209397 5213026
1229 5213027 5213174
1230 5213175 5219906
1231 5219907 5228144
1232 5228145 5231878
1233 5231879 5236917
1234 5236918 5240436
1235 5240437 5242343
1236 5242344 5243353
1237 5243354 5244782
1238 5244783 5245970
1239 5245971 5248087
1240 5248088 5249404
1241 5249405 5251160
1242 5251161 5252986
1243 5252987 5255186
1244 5255187 5257008
1245 5257009 5264693
1246 5264694 5283066
1247 5283067 5286963
1248 5286964 5291392
1249 5291393 5294756
1250 5294757 5298323
1251 5298324 5308854
1252 5308855 5312937
1253 5312938 5314174
1254 5314175 5315086
1255 5315087 5316610
1256 5316611 5317595
1257 5317596 5319588
1258 5319589 5324070
1259 5324071 5325720
1260 5325721 5331982
1261 5331983 5339700
1262 5339701 5341713
1263 5341714 5345736
1264 5345737 5348429
1265 5348430 5353220
1266 5353221 5362088
1267 5362089 5367085
1268 5367086 5375080
1269 5375081 5379885
1270 5379886 5389944
1271 5389945 5392176
1272 5392177 5393813
1273 5393814 5395934
1274 5395935 5397830
1275 5397831 5400287
1276 5400288 5403202
1277 5403203 5405805
1278 5405806 5419127
1279 5419128 5421637
1280 5421638 5423918
1281 5423919 5426453
1282 5426454 5429560
1283 5429561 5431168
1284 5431169 5441349
1285 5441350 5451022
1286 5451023 5455763
1287 5455764 5462784
1288 5462785 5466465
1289 5466466 5469913
1290 5469914 5472781
1291 5472782 5478680
1292 5478681 5481785
1293 5481786 5487665
1294 5487666 5492459
1295 5492460 5506215
1296 5506216 5510067
1297 5510068 5513058
1298 5513059 5514703
1299 5514704 5522833
1300 5522834 5528546
1301 5528547 5541070
1302 5541071 5544907
1303 5544908 5547133
1304 5547134 5552622
1305 5552623 5558493
1306 5558494 5566442
1307 5566443 5576606
1308 5576607 5580230
1309 5580231 5583640
1310 5583641 5585846
1311 5585847 5586252
1312 5586253 5590057
1313 5590058 5592109
1314 5592110 5593614
1315 5593615 5601014
1316 5601015 5602056
1317 5602057 5603022
1318 5603023 5604721
1319 5604722 5608021
1320 5608022 5609868
1321 5609869 5613951
1322 5613952 5616143
1323 5616144 5620192
1324 5620193 5621611
1325 5621612 5626553
1326 5626554 5629177
1327 5629178 5630952
1328 5630953 5632950
1329 5632951 5634457
1330 5634458 5634604
1331 5634605 5638379
1332 5638380 5640049
1333 5640050 5642769
1334 5642770 5645470
1335 5645471 5646003
1336 5646004 5650172
1337 5650173 5656263
1338 5656264 5658020
1339 5658021 5661632
1340 5661633 5664106
1341 5664107 5670148
1342 5670149 5675947
1343 5675948 5683732
1344 5683733 5688690
1345 5688691 5689616
1346 5689617 5690908
1347 5690909 5692960
1348 5692961 5697044
1349 5697045 5700557
1350 5700558 5701182
1351 5701183 5705260
1352 5705261 5708189
1353 5708190 5711061
1354 5711062 5714585
1355 5714586 5720216
1356 5720217 5724882
1357 5724883 5729995
1358 5729996 5732721
1359 5732722 5741908
1360 5741909 5751333
1361 5751334 5756900
1362 5756901 5758942
1363 5758943 5766316
1364 5766317 5768329
1365 5768330 5771836
1366 5771837 5775589
1367 5775590 5778216
1368 5778217 5786601
1369 5786602 5787928
1370 5787929 5789831
1371 5789832 5792938
1372 5792939 5797517
1373 5797518 5799561
1374 5799562 5800781
1375 5800782 5802021
1376 5802022 5807329
1377 5807330 5810131
1378 5810132 5814166
1379 5814167 5815323
1380 5815324 5817366
1381 5817367 5819531
1382 5819532 5820889
1383 5820890 5823802
1384 5823803 5825407
1385 5825408 5832747
1386 5832748 5838064
1387 5838065 5838822
1388 5838823 5839375
1389 5839376 5840257
1390 5840258 5840950
1391 5840951 5841504
1392 5841505 5842096
1393 5842097 5843458
1394 5843459 5847003
1395 5847004 5850763
1396 5850764 5851296
1397 5851297 5853402
1398 5853403 5854761
1399 5854762 5858178
1400 5858179 5864449
1401 5864450 5867738
1402 5867739 5873083
1403 5873084 5876114
1404 5876115 5879946
1405 5879947 5883257
1406 5883258 5886317
1407 5886318 5888439
1408 5888440 5890395
1409 5890396 5893614
1410 5893615 5897412
1411 5897413 5897644
1412 5897645 5899607
1413 5899608 5901800
1414 5901801 5905630
1415 5905631 5909451
1416 5909452 5913094
1417 5913095 5924267
1418 5924268 5934363
1419 5934364 5936435
1420 5936436 5940280
1421 5940281 5943749
1422 5943750 5947988
1423 5947989 5949526
1424 5949527 5951005
1425 5951006 5953379
1426 5953380 5955350
1427 5955351 5958473
1428 5958474 5961255
1429 5961256 5963195
1430 5963196 5965604
1431 5965605 5965751
1432 5965752 5967770
1433 5967771 5970909
1434 5970910 5977251
1435 5977252 5978257
1436 5978258 5984920
1437 5984921 5985880
1438 5985881 5987050
1439 5987051 5987861
1440 5987862 5994196
1441 5994197 5997063
1442 5997064 6002164
1443 6002165 6011256
1444 6011257 6018633
1445 6018634 6020487
1446 6020488 6026000
1447 6026001 6029623
1448 6029624 6031155
1449 6031156 6031819
1450 6031820 6035126
1451 6035127 6044319
1452 6044320 6047221
1453 6047222 6049461
1454 6049462 6055198
1455 6055199 6056521
1456 6056522 6060956
1457 6060957 6061671
1458 6061672 6064247
1459 6064248 6065808
1460 6065809 6066966
1461 6066967 6069506
1462 6069507 6073890
1463 6073891 6076839
1464 6076840 6082293
1465 6082294 6088181
1466 6088182 6092668
1467 6092669 6095452
1468 6095453 6097542
1469 6097543 6098634
1470 6098635 6099464
1471 6099465 6102125
1472 6102126 6107930
1473 6107931 6108900
1474 6108901 6110730
1475 6110731 6112487
1476 6112488 6119982
1477 6119983 6121211
1478 6121212 6123460
1479 6123461 6125914
1480 6125915 6127330
1481 6127331 6127935
1482 6127936 6132961
1483 6132962 6139105
1484 6139106 6150751
1485 6150752 6151991
1486 6151992 6154356
1487 6154357 6155408
1488 6155409 6156695
1489 6156696 6158900
1490 6158901 6161743
1491 6161744 6166952
1492 6166953 6169415
1493 6169416 6172460
1494 6172461 6192562
1495 6192563 6195433
1496 6195434 6197068
1497 6197069 6199337
1498 6199338 6201123
1499 6201124 6202606
1500 6202607 6209979
1501 6209980 6214604
1502 6214605 6227217
1503 6227218 6229652
1504 6229653 6231497
1505 6231498 6232965
1506 6232966 6236096
1507 6236097 6237497
1508 6237498 6241400
1509 6241401 6242526
1510 6242527 6243679
1511 6243680 6245038
1512 6245039 6247446
1513 6247447 6249428
1514 6249429 6251811
1515 6251812 6255299
1516 6255300 6255521
1517 6255522 6256514
1518 6256515 6263856
1519 6263857 6269088
1520 6269089 6275680
1521 6275681 6280136
1522 6280137 6283857
1523 6283858 6286629
1524 6286630 6317574
1525 6317575 6321558
1526 6321559 6326867
1527 6326868 6329734
1528 6329735 6331721
1529 6331722 6336486
1530 6336487 6337734
1531 6337735 6340318
1532 6340319 6340464
1533 6340465 6346843
1534 6346844 6350450
1535 6350451 6357334
1536 6357335 6367540
1537 6367541 6369742
1538 6369743 6373441
1539 6373442 6375801
1540 6375802 6379533
1541 6379534 6382504
1542 6382505 6386302
1543 6386303 6387948
1544 6387949 6398111
1545 6398112 6400279
1546 6400280 6405290
1547 6405291 6407734
1548 6407735 6409272
1549 6409273 6417254
1550 6417255 6424073
1551 6424074 6428550
1552 6428551 6438192
1553 6438193 6444629
1554 6444630 6450391
1555 6450392 6453293
1556 6453294 6459000
1557 6459001 6469475
1558 6469476 6473815
1559 6473816 6480005
1560 6480006 6484669
1561 6484670 6486970
1562 6486971 6490426
1563 6490427 6499357
1564 6499358 6501189
1565 6501190 6506956
1566 6506957 6511030
1567 6511031 6515109
1568 6515110 6517746
1569 6517747 6518139
1570 6518140 6520021
1571 6520022 6527450
1572 6527451 6531925
1573 6531926 6534380
1574 6534381 6536149
1575 6536150 6539262
1576 6539263 6542814
1577 6542815 6545632
1578 6545633 6550897
1579 6550898 6552099
1580 6552100 6553287
1581 6553288 6556427
1582 6556428 6564074
1583 6564075 6571754
1584 6571755 6572969
1585 6572970 6579031
1586 6579032 6580749
1587 6580750 6583104
1588 6583105 6587968
1589 6587969 6589717
1590 6589718 6593100
1591 6593101 6595053
1592 6595054 6596250
1593 6596251 6598917
1594 6598918 6599613
1595 6599614 6602439
1596 6602440 6607675
1597 6607676 6607887
1598 6607888 6609569
1599 6609570 6612429
1600 6612430 6616617
1601 6616618 6617894
1602 6617895 6619031
1603 6619032 6620675
1604 6620676 6621883
1605 6621884 6623571
1606 6623572 6624421
1607 6624422 6625312
1608 6625313 6629165
1609 6629166 6630021
1610 6630022 6633161
1611 6633162 6641032
1612 6641033 6643605
1613 6643606 6645137
1614 6645138 6648324
1615 6648325 6649508
1616 6649509 6652233
1617 6652234 6654610
1618 6654611 6655982
1619 6655983 6657037
1620 6657038 6660735
1621 6660736 6663833
1622 6663834 6665323
1623 6665324 6673702
1624 6673703 6675191
1625 6675192 6677273
1626 6677274 6678255
1627 6678256 6679947
1628 6679948 6681598
1629 6681599 6682538
1630 6682539 6684991
1631 6684992 6694663
1632 6694664 6698648
1633 6698649 6698812
1634 6698813 6698955
1635 6698956 6701114
1636 6701115 6702135
1637 6702136 6707593
1638 6707594 6709583
1639 6709584 6711103
1640 6711104 6712978
1641 6712979 6714167
1642 6714168 6715363
1643 6715364 6722340
1644 6722341 6726115
1645 6726116 6727156
1646 6727157 6729647
1647 6729648 6731897
1648 6731898 6735138
1649 6735139 6737744
1650 6737745 6767805
1651 6767806 6768920
1652 6768921 6770685
1653 6770686 6775813
1654 6775814 6777082
1655 6777083 6778751
1656 6778752 6780501
1657 6780502 6782930
1658 6782931 6784627
1659 6784628 6786228
1660 6786229 6788886
1661 6788887 6792127
1662 6792128 6796810
1663 6796811 6798613
1664 6798614 6799587
1665 6799588 6801100
1666 6801101 6803173
1667 6803174 6804720
1668 6804721 6806539
1669 6806540 6807846
1670 6807847 6809772
1671 6809773 6811414
1672 6811415 6812293
1673 6812294 6815030
1674 6815031 6816924
1675 6816925 6823098
1676 6823099 6825846
1677 6825847 6827269
1678 6827270 6828494
1679 6828495 6831201
1680 6831202 6832677
1681 6832678 6835013
1682 6835014 6836500
1683 6836501 6837859
1684 6837860 6840070
1685 6840071 6841610
1686 6841611 6843345
1687 6843346 6848584
1688 6848585 6851191
1689 6851192 6856820
1690 6856821 6858515
1691 6858516 6859832
1692 6859833 6862822
1693 6862823 6864444
1694 6864445 6867254
1695 6867255 6868568
1696 6868569 6869449
1697 6869450 6871077
1698 6871078 6875093
1699 6875094 6878350
1700 6878351 6881356
1701 6881357 6884734
1702 6884735 6887467
1703 6887468 6888895
1704 6888896 6890286
1705 6890287 6891191
1706 6891192 6893377
1707 6893378 6895025
1708 6895026 6896136
1709 6896137 6899481
1710 6899482 6902703
1711 6902704 6906502
1712 6906503 6908277
1713 6908278 6913170
1714 6913171 6917055
1715 6917056 6918843
1716 6918844 6920649
1717 6920650 6921639
1718 6921640 6922930
1719 6922931 6923936
1720 6923937 6925119
1721 6925120 6930226
1722 6930227 6932528
1723 6932529 6934404
1724 6934405 6935554
1725 6935555 6936867
1726 6936868 6938126
1727 6938127 6942330
1728 6942331 6943857
1729 6943858 6946567
1730 6946568 6948729
1731 6948730 6949849
1732 6949850 6951704
1733 6951705 6956724
1734 6956725 6959083
1735 6959084 6959228
1736 6959229 6967324
1737 6967325 6978884
1738 6978885 6980942
1739 6980943 6984560
1740 6984561 6989740
1741 6989741 6995085
1742 6995086 7000258
1743 7000259 7006609
1744 7006610 7007653
1745 7007654 7014862
1746 7014863 7017816
1747 7017817 7027362
1748 7027363 7031592
1749 7031593 7038027
1750 7038028 7040923
1751 7040924 7042528
1752 7042529 7045460
1753 7045461 7048872
1754 7048873 7050655
1755 7050656 7056220
1756 7056221 7065303
1757 7065304 7065501
1758 7065502 7067805
1759 7067806 7076236
1760 7076237 7083045
1761 7083046 7089516
1762 7089517 7093216
1763 7093217 7096609
1764 7096610 7099508
1765 7099509 7102933
1766 7102934 7103414
1767 7103415 7105593
1768 7105594 7109530
1769 7109531 7113156
1770 7113157 7116077
1771 7116078 7119667
1772 7119668 7122374
1773 7122375 7128946
1774 7128947 7138379
1775 7138380 7146829
1776 7146830 7157366
1777 7157367 7167070
1778 7167071 7177356
1779 7177357 7185324
1780 7185325 7190808
1781 7190809 7197062
1782 7197063 7204565
1783 7204566 7208126
1784 7208127 7212126
1785 7212127 7214507
1786 7214508 7216075
1787 7216076 7217748
1788 7217749 7220910
1789 7220911 7224434
1790 7224435 7232044
1791 7232045 7238396
1792 7238397 7244343
1793 7244344 7247926
1794 7247927 7252530
1795 7252531 7256024
1796 7256025 7267638
1797 7267639 7272800
1798 7272801 7279451
1799 7279452 7284267
1800 7284268 7285348
1801 7285349 7289525
1802 7289526 7293193
1803 7293194 7296646
1804 7296647 7300968
1805 7300969 7305883
1806 7305884 7310451
1807 7310452 7318447
1808 7318448 7320703
1809 7320704 7326251
1810 7326252 7330639
1811 7330640 7337181
1812 7337182 7341981
1813 7341982 7344159
1814 7344160 7346313
1815 7346314 7347817
1816 7347818 7351141
1817 7351142 7355747
1818 7355748 7359892
1819 7359893 7366138
1820 7366139 7374726
1821 7374727 7376590
1822 7376591 7382381
1823 7382382 7389666
1824 7389667 7390962
1825 7390963 7394393
1826 7394394 7398511
1827 7398512 7400148
1828 7400149 7407453
1829 7407454 7410218
1830 7410219 7420368
1831 7420369 7424671
1832 7424672 7430486
1833 7430487 7431311
1834 7431312 7435078
1835 7435079 7437064
1836 7437065 7437210
1837 7437211 7438016
1838 7438017 7439136
1839 7439137 7442099
1840 7442100 7446534
1841 7446535 7456237
1842 7456238 7458452
1843 7458453 7461642
1844 7461643 7463767
1845 7463768 7466073
1846 7466074 7493140
1847 7493141 7495059
1848 7495060 7496858
1849 7496859 7502257
1850 7502258 7507746
1851 7507747 7510272
1852 7510273 7513709
1853 7513710 7518510
1854 7518511 7522262
1855 7522263 7525667
1856 7525668 7541180
1857 7541181 7545349
1858 7545350 7548971
1859 7548972 7559153
1860 7559154 7560860
1861 7560861 7562388
1862 7562389 7568281
1863 7568282 7579266
1864 7579267 7584545
1865 7584546 7588426
1866 7588427 7590650
1867 7590651 7591985
1868 7591986 7592678
1869 7592679 7594237
1870 7594238 7598915
1871 7598916 7601679
1872 7601680 7603659
1873 7603660 7612479
1874 7612480 7618779
1875 7618780 7623999
1876 7624000 7626000
1877 7626001 7632503
1878 7632504 7635500
1879 7635501 7638467
1880 7638468 7646006
1881 7646007 7647731
1882 7647732 7649876
1883 7649877 7652496
1884 7652497 7654223
1885 7654224 7655852
1886 7655853 7666798
1887 7666799 7674441
1888 7674442 7677850
1889 7677851 7680916
1890 7680917 7682844
1891 7682845 7688447
1892 7688448 7696661
1893 7696662 7699897
1894 7699898 7700503
1895 7700504 7704188
1896 7704189 7709340
1897 7709341 7716278
1898 7716279 7717228
1899 7717229 7719620
1900 7719621 7724017
1901 7724018 7727598
1902 7727599 7730532
1903 7730533 7736187
1904 7736188 7741304
1905 7741305 7748687
1906 7748688 7749840
1907 7749841 7753808
1908 7753809 7755184
1909 7755185 7762560
1910 7762561 7765882
1911 7765883 7770293
1912 7770294 7775198
1913 7775199 7777572
1914 7777573 7783680
1915 7783681 7785988
1916 7785989 7787725
1917 7787726 7803066
1918 7803067 7812392
1919 7812393 7817814
1920 7817815 7819214
1921 7819215 7824939
1922 7824940 7826361
1923 7826362 7832954
1924 7832955 7837616
1925 7837617 7842254
1926 7842255 7852051
1927 7852052 7853811
1928 7853812 7857317
1929 7857318 7873052
1930 7873053 7882678
1931 7882679 7886616
1932 7886617 7894541
1933 7894542 7908349
1934 7908350 7912175
1935 7912176 7926295
1936 7926296 7931723
1937 7931724 7931870
1938 7931871 7933861
1939 7933862 7937017
1940 7937018 7939490
1941 7939491 7947299
1942 7947300 7949985
1943 7949986 7952022
1944 7952023 7958262
1945 7958263 7962530
1946 7962531 7966918
1947 7966919 7970775
1948 7970776 7977685
1949 7977686 7981312
1950 7981313 7984619
1951 7984620 7989266
1952 7989267 7994555
1953 7994556 7999021
1954 7999022 8002463
1955 8002464 8006607
1956 8006608 8007769
1957 8007770 8015739
1958 8015740 8020333
1959 8020334 8024745
1960 8024746 8029142
1961 8029143 8033251
1962 8033252 8038838
1963 8038839 8046659
1964 8046660 8049028
1965 8049029 8051178
1966 8051179 8054151
1967 8054152 8057118
1968 8057119 8061755
1969 8061756 8067207
1970 8067208 8070398
1971 8070399 8074509
1972 8074510 8079992
1973 8079993 8084697
1974 8084698 8089838
1975 8089839 8092351
1976 8092352 8095102
1977 8095103 8098093
1978 8098094 8106378
1979 8106379 8107629
1980 8107630 8108422
1981 8108423 8108648
1982 8108649 8112819
1983 8112820 8116186
1984 8116187 8117753
1985 8117754 8127725
1986 8127726 8130816
1987 8130817 8139594
1988 8139595 8143580
1989 8143581 8148848
1990 8148849 8153803
1991 8153804 8162410
1992 8162411 8167230
1993 8167231 8171173
1994 8171174 8171717
1995 8171718 8176426
1996 8176427 8180843
1997 8180844 8184680
1998 8184681 8190528
1999 8190529 8197768
2000 8197769 8204260
2001 8204261 8206856
2002 8206857 8210239
2003 8210240 8211229
2004 8211230 8234163
2005 8234164 8252767
2006 8252768 8255373
2007 8255374 8263873
2008 8263874 8265542
2009 8265543 8267959
2010 8267960 8275118
2011 8275119 8278480
2012 8278481 8289517
2013 8289518 8292415
2014 8292416 8295949
2015 8295950 8299194
2016 8299195 8304053
2017 8304054 8311341
2018 8311342 8318267
2019 8318268 8324482
2020 8324483 8325579
2021 8325580 8328387
2022 8328388 8331856
2023 8331857 8332925
2024 8332926 8335385
2025 8335386 8336961
2026 8336962 8343328
2027 8343329 8356976
2028 8356977 8359096
2029 8359097 8372072
2030 8372073 8378565
2031 8378566 8381466
2032 8381467 8386521
2033 8386522 8388507
2034 8388508 8397575
2035 8397576 8404162
2036 8404163 8406665
2037 8406666 8413134
2038 8413135 8413281
2039 8413282 8418409
2040 8418410 8428222
2041 8428223 8429896
2042 8429897 8430659
2043 8430660 8431407
2044 8431408 8434349
2045 8434350 8436241
2046 8436242 8438574
2047 8438575 8441778
2048 8441779 8444692
2049 8444693 8447669
2050 8447670 8450698
2051 8450699 8453157
2052 8453158 8455647
2053 8455648 8458206
2054 8458207 8459081
2055 8459082 8460698
2056 8460699 8466549
2057 8466550 8469148
2058 8469149 8470457
2059 8470458 8472523
2060 8472524 8474124
2061 8474125 8477043
2062 8477044 8482867
2063 8482868 8484083
2064 8484084 8486926
2065 8486927 8488791
2066 8488792 8490049
2067 8490050 8491191
2068 8491192 8492990
2069 8492991 8499003
2070 8499004 8500826
2071 8500827 8504287
2072 8504288 8505903
2073 8505904 8506537
2074 8506538 8509262
2075 8509263 8510182
2076 8510183 8515964
2077 8515965 8521196
2078 8521197 8522830
2079 8522831 8523615
2080 8523616 8524429
2081 8524430 8526935
2082 8526936 8532756
2083 8532757 8536516
2084 8536517 8540252
2085 8540253 8543946
2086 8543947 8547735
2087 8547736 8551578
2088 8551579 8555449
2089 8555450 8559524
2090 8559525 8563416
2091 8563417 8567233
2092 8567234 8571074
2093 8571075 8574933
2094 8574934 8578711
2095 8578712 8582528
2096 8582529 8586363
2097 8586364 8590194
2098 8590195 8594072
2099 8594073 8597789
2100 8597790 8598439
2101 8598440 8604280
2102 8604281 8604986
2103 8604987 8607812
2104 8607813 8610701
2105 8610702 8611815
2106 8611816 8613112
2107 8613113 8620714
2108 8620715 8622220
2109 8622221 8624538
2110 8624539 8626656
2111 8626657 8628135
2112 8628136 8629140
2113 8629141 8630864
2114 8630865 8633508
2115 8633509 8635439
2116 8635440 8652501
2117 8652502 8654069
2118 8654070 8658938
2119 8658939 8661068
2120 8661069 8663909
2121 8663910 8670210
2122 8670211 8670765
2123 8670766 8674820
2124 8674821 8676883
2125 8676884 8678117
2126 8678118 8682797
2127 8682798 8683672
2128 8683673 8685811
2129 8685812 8687728
2130 8687729 8691932
2131 8691933 8696649
2132 8696650 8705908
2133 8705909 8710060
2134 8710061 8712788
2135 8712789 8713654
2136 8713655 8714485
2137 8714486 8715415
2138 8715416 8716489
2139 8716490 8716637
2140 8716638 8719889
2141 8719890 8723644
2142 8723645 8727912
2143 8727913 8731537
2144 8731538 8746162
2145 8746163 8749234
2146 8749235 8754074
2147 8754075 8758197
2148 8758198 8760838
2149 8760839 8763582
2150 8763583 8767172
2151 8767173 8770660
2152 8770661 8790475
2153 8790476 8794493
2154 8794494 8795765
2155 8795766 8799957
2156 8799958 8803651
2157 8803652 8809018
2158 8809019 8813357
2159 8813358 8817170
2160 8817171 8821561
2161 8821562 8824649
2162 8824650 8826357
2163 8826358 8830680
2164 8830681 8834435
2165 8834436 8837632
2166 8837633 8841648
2167 8841649 8845826
2168 8845827 8849388
2169 8849389 8853050
2170 8853051 8856874
2171 8856875 8860897
2172 8860898 8864387
2173 8864388 8868716
2174 8868717 8879246
2175 8879247 8883028
2176 8883029 8887766
2177 8887767 8891288
2178 8891289 8895328
2179 8895329 8900123
2180 8900124 8904327
2181 8904328 8908297
2182 8908298 8911794
2183 8911795 8914658
2184 8914659 8917767
2185 8917768 8920918
2186 8920919 8924998
2187 8924999 8928284
2188 8928285 8947659
2189 8947660 8952032
2190 8952033 8955458
2191 8955459 8957030
2192 8957031 8960502
2193 8960503 8964036
2194 8964037 8983596
2195 8983597 8988288
2196 8988289 8989817
2197 8989818 8993249
2198 8993250 8998116
2199 8998117 9002281
2200 9002282 9005642
2201 9005643 9006887
2202 9006888 9010359
2203 9010360 9015823
2204 9015824 9019617
2205 9019618 9024701
2206 9024702 9027891
2207 9027892 9031199
2208 9031200 9034856
2209 9034857 9038605
2210 9038606 9042104
2211 9042105 9044859
2212 9044860 9048116
2213 9048117 9051781
2214 9051782 9054995
2215 9054996 9058564
2216 9058565 9077522
2217 9077523 9082057
2218 9082058 9085857
2219 9085858 9089497
2220 9089498 9091110
2221 9091111 9095458
2222 9095459 9096715
2223 9096716 9097666
2224 9097667 9100645
2225 9100646 9104735
2226 9104736 9108303
2227 9108304 9111170
2228 9111171 9114717
2229 9114718 9117348
2230 9117349 9118476
2231 9118477 9122717
2232 9122718 9142550
2233 9142551 9146396
2234 9146397 9151237
2235 9151238 9154585
2236 9154586 9159419
2237 9159420 9162753
2238 9162754 9166047
2239 9166048 9169713
2240 9169714 9169857
2241 9169858 9175009
2242 9175010 9182854
2243 9182855 9188193
2244 9188194 9199221
2245 9199222 9201074
2246 9201075 9208362
2247 9208363 9212071
2248 9212072 9220018
2249 9220019 9220517
2250 9220518 9225751
2251 9225752 9228266
2252 9228267 9231368
2253 9231369 9235268
2254 9235269 9236038
2255 9236039 9236930
2256 9236931 9242623
2257 9242624 9244128
2258 9244129 9246287
2259 9246288 9248926
2260 9248927 9252613
2261 9252614 9255904
2262 9255905 9258011
2263 9258012 9262858
2264 9262859 9273021
2265 9273022 9273629
2266 9273630 9276814
2267 9276815 9280288
2268 9280289 9285623
2269 9285624 9289407
2270 9289408 9295676
2271 9295677 9305553
2272 9305554 9307649
2273 9307650 9309301
2274 9309302 9312445
2275 9312446 9318046
2276 9318047 9321735
2277 9321736 9323738
2278 9323739 9328153
2279 9328154 9329538
2280 9329539 9339012
2281 9339013 9343609
2282 9343610 9346211
2283 9346212 9349807
2284 9349808 9351631
2285 9351632 9353135
2286 9353136 9354661
2287 9354662 9359398
2288 9359399 9362310
2289 9362311 9370890
2290 9370891 9378686
2291 9378687 9384013
2292 9384014 9387075
2293 9387076 9394220
2294 9394221 9395435
2295 9395436 9398257
2296 9398258 9400866
2297 9400867 9402835
2298 9402836 9405173
2299 9405174 9405718
2300 9405719 9411620
2301 9411621 9412158
2302 9412159 9414252
2303 9414253 9420898
2304 9420899 9426799
2305 9426800 9429338
2306 9429339 9432431
2307 9432432 9441391
2308 9441392 9445026
2309 9445027 9448938
2310 9448939 9451997
2311 9451998 9460972
2312 9460973 9465031
2313 9465032 9468443
2314 9468444 9472100
2315 9472101 9473586
2316 9473587 9478087
2317 9478088 9479128
2318 9479129 9480923
2319 9480924 9486538
2320 9486539 9488652
2321 9488653 9490467
2322 9490468 9506340
2323 9506341 9512292
2324 9512293 9514565
2325 9514566 9517202
2326 9517203 9522624
2327 9522625 9526565
2328 9526566 9540355
2329 9540356 9544200
2330 9544201 9546068
2331 9546069 9549726
2332 9549727 9556339
2333 9556340 9559319
2334 9559320 9559903
2335 9559904 9564612
2336 9564613 9569187
2337 9569188 9571916
2338 9571917 9576678
2339 9576679 9578855
2340 9578856 9579614
2341 9579615 9579772
2342 9579773 9580402
2343 9580403 9581066
2344 9581067 9581703
2345 9581704 9582385
2346 9582386 9583049
2347 9583050 9583689
2348 9583690 9584294
2349 9584295 9584927
2350 9584928 9585623
2351 9585624 9586288
2352 9586289 9586964
2353 9586965 9587611
2354 9587612 9588253
2355 9588254 9588898
2356 9588899 9589543
2357 9589544 9590188
2358 9590189 9590830
2359 9590831 9591466
2360 9591467 9592113
2361 9592114 9592761
2362 9592762 9593424
2363 9593425 9594070
2364 9594071 9594703
2365 9594704 9595340
2366 9595341 9596032
2367 9596033 9596667
2368 9596668 9597042
2369 9597043 9597722
2370 9597723 9598381
2371 9598382 9598962
2372 9598963 9599610
2373 9599611 9600300
2374 9600301 9600942
2375 9600943 9601616
2376 9601617 9602276
2377 9602277 9602925
2378 9602926 9603594
2379 9603595 9604256
2380 9604257 9604928
2381 9604929 9605594
2382 9605595 9606237
2383 9606238 9606880
2384 9606881 9607510
2385 9607511 9608174
2386 9608175 9608811
2387 9608812 9609496
2388 9609497 9610138
2389 9610139 9610776
2390 9610777 9611339
2391 9611340 9611972
2392 9611973 9612635
2393 9612636 9613283
2394 9613284 9613916
2395 9613917 9614550
2396 9614551 9615231
2397 9615232 9615864
2398 9615865 9616503
2399 9616504 9617170
2400 9617171 9617807
2401 9617808 9618487
2402 9618488 9619163
2403 9619164 9619806
2404 9619807 9620369
2405 9620370 9621002
2406 9621003 9621303
2407 9621304 9621621
2408 9621622 9622284
2409 9622285 9622930
2410 9622931 9623225
2411 9623226 9623542
2412 9623543 9624215
2413 9624216 9624848
2414 9624849 9625485
2415 9625486 9626150
2416 9626151 9626837
2417 9626838 9627479
2418 9627480 9628122
2419 9628123 9628760
2420 9628761 9629402
2421 9629403 9629965
2422 9629966 9630626
2423 9630627 9631290
2424 9631291 9631934
2425 9631935 9632598
2426 9632599 9633260
2427 9633261 9633897
2428 9633898 9634534
2429 9634535 9635198
2430 9635199 9635850
2431 9635851 9636537
2432 9636538 9637203
2433 9637204 9637878
2434 9637879 9638530
2435 9638531 9639211
2436 9639212 9639880
2437 9639881 9640546
2438 9640547 9641215
2439 9641216 9641876
2440 9641877 9642513
2441 9642514 9643153
2442 9643154 9643782
2443 9643783 9644415
2444 9644416 9645051
2445 9645052 9645695
2446 9645696 9646347
2447 9646348 9646991
2448 9646992 9647656
2449 9647657 9648260
2450 9648261 9648923
2451 9648924 9649571
2452 9649572 9650202
2453 9650203 9650845
2454 9650846 9651507
2455 9651508 9652148
2456 9652149 9652791
2457 9652792 9653434
2458 9653435 9654073
2459 9654074 9654747
2460 9654748 9655398
2461 9655399 9656060
2462 9656061 9656735
2463 9656736 9657410
2464 9657411 9658041
2465 9658042 9658667
2466 9658668 9659302
2467 9659303 9659946
2468 9659947 9660597
2469 9660598 9661241
2470 9661242 9661887
2471 9661888 9662491
2472 9662492 9663156
2473 9663157 9663792
2474 9663793 9664437
2475 9664438 9665069
2476 9665070 9665731
2477 9665732 9666367
2478 9666368 9667016
2479 9667017 9667681
2480 9667682 9668305
2481 9668306 9668940
2482 9668941 9669585
2483 9669586 9670238
2484 9670239 9670883
2485 9670884 9671523
2486 9671524 9672129
2487 9672130 9672789
2488 9672790 9673436
2489 9673437 9674066
2490 9674067 9674728
2491 9674729 9675369
2492 9675370 9676019
2493 9676020 9676733
2494 9676734 9677384
2495 9677385 9678045
2496 9678046 9678667
2497 9678668 9679270
2498 9679271 9679914
2499 9679915 9680558
2500 9680559 9681188
2501 9681189 9681826
2502 9681827 9682471
2503 9682472 9683122
2504 9683123 9683767
2505 9683768 9684406
2506 9684407 9685054
2507 9685055 9685687
2508 9685688 9686348
2509 9686349 9687009
2510 9687010 9687647
2511 9687648 9688285
2512 9688286 9688939
2513 9688940 9689600
2514 9689601 9690228
2515 9690229 9690869
2516 9690870 9691514
2517 9691515 9692167
2518 9692168 9692812
2519 9692813 9693450
2520 9693451 9694053
2521 9694054 9694714
2522 9694715 9695362
2523 9695363 9695990
2524 9695991 9696651
2525 9696652 9697288
2526 9697289 9697934
2527 9697935 9698588
2528 9698589 9699249
2529 9699250 9699882
2530 9699883 9700510
2531 9700511 9701148
2532 9701149 9701791
2533 9701792 9702447
2534 9702448 9703093
2535 9703094 9703733
2536 9703734 9704394
2537 9704395 9704997
2538 9704998 9705695
2539 9705696 9706342
2540 9706343 9706975
2541 9706976 9707636
2542 9707637 9708325
2543 9708326 9709006
2544 9709007 9709644
2545 9709645 9710297
2546 9710298 9710959
2547 9710960 9711639
2548 9711640 9712295
2549 9712296 9712969
2550 9712970 9713638
2551 9713639 9714309
2552 9714310 9714968
2553 9714969 9715642
2554 9715643 9716311
2555 9716312 9716983
2556 9716984 9717654
2557 9717655 9718296
2558 9718297 9718940
2559 9718941 9719581
2560 9719582 9720211
2561 9720212 9720850
2562 9720851 9721490
2563 9721491 9722144
2564 9722145 9722789
2565 9722790 9723461
2566 9723462 9724064
2567 9724065 9724695
2568 9724696 9725352
2569 9725353 9726006
2570 9726007 9726652
2571 9726653 9727283
2572 9727284 9727951
2573 9727952 9728612
2574 9728613 9729242
2575 9729243 9729895
2576 9729896 9730556
2577 9730557 9731182
2578 9731183 9731819
2579 9731820 9732464
2580 9732465 9733121
2581 9733122 9733767
2582 9733768 9734413
2583 9734414 9735018
2584 9735019 9735679
2585 9735680 9736326
2586 9736327 9736957
2587 9736958 9737618
2588 9737619 9738252
2589 9738253 9738905
2590 9738906 9739566
2591 9739567 9740187
2592 9740188 9740791
2593 9740792 9741437
2594 9741438 9742082
2595 9742083 9742728
2596 9742729 9743356
2597 9743357 9743996
2598 9743997 9744641
2599 9744642 9745296
2600 9745297 9745941
2601 9745942 9746613
2602 9746614 9747276
2603 9747277 9747924
2604 9747925 9748555
2605 9748556 9749218
2606 9749219 9749915
2607 9749916 9750534
2608 9750535 9751179
2609 9751180 9751863
2610 9751864 9752500
2611 9752501 9753154
2612 9753155 9753817
2613 9753818 9754488
2614 9754489 9755156
2615 9755157 9755856
2616 9755857 9756536
2617 9756537 9757193
2618 9757194 9757850
2619 9757851 9758509
2620 9758510 9759180
2621 9759181 9759850
2622 9759851 9760549
2623 9760550 9761176
2624 9761177 9761817
2625 9761818 9762462
2626 9762463 9763087
2627 9763088 9763726
2628 9763727 9764371
2629 9764372 9765025
2630 9765026 9765668
2631 9765669 9766363
2632 9766364 9766968
2633 9766969 9767631
2634 9767632 9768280
2635 9768281 9768910
2636 9768911 9769572
2637 9769573 9770213
2638 9770214 9770863
2639 9770864 9771526
2640 9771527 9772186
2641 9772187 9772810
2642 9772811 9773448
2643 9773449 9774088
2644 9774089 9774738
2645 9774739 9775387
2646 9775388 9776046
2647 9776047 9776650
2648 9776651 9777313
2649 9777314 9777968
2650 9777969 9778613
2651 9778614 9779241
2652 9779242 9779904
2653 9779905 9780553
2654 9780554 9781218
2655 9781219 9781881
2656 9781882 9782486
2657 9782487 9783154
2658 9783155 9783817
2659 9783818 9784467
2660 9784468 9785095
2661 9785096 9785758
2662 9785759 9786404
2663 9786405 9787032
2664 9787033 9787665
2665 9787666 9788328
2666 9788329 9788971
2667 9788972 9789674
2668 9789675 9790323
2669 9790324 9790986
2670 9790987 9791663
2671 9791664 9792328
2672 9792329 9792975
2673 9792976 9793640
2674 9793641 9794309
2675 9794310 9794963
2676 9794964 9795630
2677 9795631 9796294
2678 9796295 9796441
2679 9796442 9799598
2680 9799599 9804788
2681 9804789 9810369
2682 9810370 9815084
2683 9815085 9820636
2684 9820637 9822530
2685 9822531 9826428
2686 9826429 9832524
2687 9832525 9835003
2688 9835004 9839454
2689 9839455 9840442
2690 9840443 9841247
2691 9841248 9845436
2692 9845437 9848122
2693 9848123 9851097
2694 9851098 9852366
2695 9852367 9854328
2696 9854329 9856663
2697 9856664 9859416
2698 9859417 9861737
2699 9861738 9863045
2700 9863046 9867761
2701 9867762 9872358
2702 9872359 9875952
2703 9875953 9879099
2704 9879100 9883220
2705 9883221 9887740
2706 9887741 9890530
2707 9890531 9894368
2708 9894369 9896693
2709 9896694 9898449
2710 9898450 9900763
2711 9900764 9921278
2712 9921279 9924605
2713 9924606 9928704
2714 9928705 9930638
2715 9930639 9939387
2716 9939388 9942080
2717 9942081 9947412
2718 9947413 9952776
2719 9952777 9956480
2720 9956481 9960665
2721 9960666 9966612
2722 9966613 9969656
2723 9969657 9975133
2724 9975134 9976886
2725 9976887 9979522
2726 9979523 9984569
2727 9984570 9989373
2728 9989374 9992700
2729 9992701 9998135
2730 9998136 10003641
2731 10003642 10007934
2732 10007935 10010487
2733 10010488 10014914
2734 10014915 10022329
2735 10022330 10027075
2736 10027076 10027992
2737 10027993 10028800
2738 10028801 10031049
2739 10031050 10032843
2740 10032844 10033795
2741 10033796 10035649
2742 10035650 10047801
2743 10047802 10052251
2744 10052252 10054147
2745 10054148 10061050
2746 10061051 10071046
2747 10071047 10072177
2748 10072178 10082137
2749 10082138 10085532
2750 10085533 10086949
2751 10086950 10090480
2752 10090481 10095861
2753 10095862 10100542
2754 10100543 10106098
2755 10106099 10109569
2756 10109570 10111319
2757 10111320 10112115
2758 10112116 10114709
2759 10114710 10118664
2760 10118665 10122207
2761 10122208 10127391
2762 10127392 10132662
2763 10132663 10133991
2764 10133992 10143379
2765 10143380 10146682
2766 10146683 10147291
2767 10147292 10148853
2768 10148854 10152187
2769 10152188 10154083
2770 10154084 10157374
2771 10157375 10162501
2772 10162502 10164647
2773 10164648 10170493
2774 10170494 10172809
2775 10172810 10177040
2776 10177041 10181972
2777 10181973 10182120
2778 10182121 10185899
2779 10185900 10188346
2780 10188347 10190418
2781 10190419 10192960
2782 10192961 10196428
2783 10196429 10198922
2784 10198923 10201471
2785 10201472 10221769
2786 10221770 10230198
2787 10230199 10234600
2788 10234601 10239106
2789 10239107 10243281
2790 10243282 10244846
2791 10244847 10249363
2792 10249364 10250758
2793 10250759 10251971
2794 10251972 10253482
2795 10253483 10260941
2796 10260942 10263152
2797 10263153 10281210
2798 10281211 10290121
2799 10290122 10295829
2800 10295830 10299885
2801 10299886 10303478
2802 10303479 10305563
2803 10305564 10321968
2804 10321969 10326460
2805 10326461 10327645
2806 10327646 10329604
2807 10329605 10330989
2808 10330990 10339197
2809 10339198 10344401
2810 10344402 10351277
2811 10351278 10353238
2812 10353239 10361475
2813 10361476 10369069
2814 10369070 10377607
2815 10377608 10382617
2816 10382618 10389394
2817 10389395 10404518
2818 10404519 10412092
2819 10412093 10417206
2820 10417207 10418608
2821 10418609 10420211
2822 10420212 10422396
2823 10422397 10423775
2824 10423776 10424625
2825 10424626 10431029
2826 10431030 10433194
2827 10433195 10441524
2828 10441525 10445780
2829 10445781 10447689
2830 10447690 10452959
2831 10452960 10458461
2832 10458462 10467610
2833 10467611 10472335
2834 10472336 10481893
2835 10481894 10485698
2836 10485699 10486804
2837 10486805 10488262
2838 10488263 10489653
2839 10489654 10498765
2840 10498766 10499094
2841 10499095 10500855
2842 10500856 10501656
2843 10501657 10503144
2844 10503145 10515730
2845 10515731 10523796
2846 10523797 10527907
2847 10527908 10532940
2848 10532941 10537436
2849 10537437 10546409
2850 10546410 10548659
2851 10548660 10554056
2852 10554057 10557014
2853 10557015 10560157
2854 10560158 10561871
2855 10561872 10569995
2856 10569996 10573717
2857 10573718 10587921
2858 10587922 10591236
2859 10591237 10595145
2860 10595146 10599490
2861 10599491 10611115
2862 10611116 10612077
2863 10612078 10620113
2864 10620114 10626411
2865 10626412 10627225
2866 10627226 10632939
2867 10632940 10648671
2868 10648672 10649619
2869 10649620 10655716
2870 10655717 10656425
2871 10656426 10661718
2872 10661719 10669812
2873 10669813 10671285
2874 10671286 10675680
2875 10675681 10676413
2876 10676414 10685358
2877 10685359 10686750
2878 10686751 10686897
2879 10686898 10694317
2880 10694318 10695630
2881 10695631 10696721
2882 10696722 10705814
2883 10705815 10717096
2884 10717097 10726363
2885 10726364 10742385
2886 10742386 10751154
2887 10751155 10759615
2888 10759616 10767011
2889 10767012 10778318
2890 10778319 10797838
2891 10797839 10811408
2892 10811409 10816906
2893 10816907 10817412
2894 10817413 10818258
2895 10818259 10821468
2896 10821469 10828824
2897 10828825 10829377
2898 10829378 10830928
2899 10830929 10834401
2900 10834402 10836518
2901 10836519 10845701
2902 10845702 10853738
2903 10853739 10862318
2904 10862319 10867023
2905 10867024 10869726
2906 10869727 10873823
2907 10873824 10878917
2908 10878918 10886083
2909 10886084 10889504
2910 10889505 10892352
2911 10892353 10893045
2912 10893046 10894111
2913 10894112 10895765
2914 10895766 10902457
2915 10902458 10903819
2916 10903820 10915284
2917 10915285 10921646
2918 10921647 10926099
2919 10926100 10951919
2920 10951920 10955683
2921 10955684 10960840
2922 10960841 10969260
2923 10969261 10979047
2924 10979048 10983694
2925 10983695 10990081
2926 10990082 10999694
2927 10999695 11012555
2928 11012556 11017261
2929 11017262 11028235
2930 11028236 11034523
2931 11034524 11039648
2932 11039649 11041419
2933 11041420 11045249
2934 11045250 11050030
2935 11050031 11053754
2936 11053755 11064486
2937 11064487 11074416
2938 11074417 11081280
2939 11081281 11087405
2940 11087406 11094008
2941 11094009 11099829
2942 11099830 11103943
2943 11103944 11107866
2944 11107867 11111385
2945 11111386 11115243
2946 11115244 11118591
2947 11118592 11130883
2948 11130884 11143742
2949 11143743 11147987
2950 11147988 11150864
2951 11150865 11156452
2952 11156453 11172386
2953 11172387 11176695
2954 11176696 11177428
2955 11177429 11178646
2956 11178647 11183072
2957 11183073 11187472
2958 11187473 11189577
2959 11189578 11202631
2960 11202632 11209354
2961 11209355 11218204
2962 11218205 11225967
2963 11225968 11236681
2964 11236682 11236911
2965 11236912 11243932
2966 11243933 11252896
2967 11252897 11255254
2968 11255255 11263434
2969 11263435 11271746
2970 11271747 11275659
2971 11275660 11281432
2972 11281433 11291716
2973 11291717 11294279
2974 11294280 11308039
2975 11308040 11312742
2976 11312743 11313287
2977 11313288 11314836
2978 11314837 11317940
2979 11317941 11318085
2980 11318086 11323773
2981 11323774 11326345
2982 11326346 11334947
2983 11334948 11342372
2984 11342373 11344811
2985 11344812 11346294
2986 11346295 11347957
2987 11347958 11350653
2988 11350654 11353257
2989 11353258 11355532
2990 11355533 11358618
2991 11358619 11360710
2992 11360711 11363720
2993 11363721 11370698
2994 11370699 11377082
2995 11377083 11383998
2996 11383999 11390793
2997 11390794 11394760
2998 11394761 11402908
2999 11402909 11410717
3000 11410718 11413856
3001 11413857 11415678
3002 11415679 11418684
3003 11418685 11420322
3004 11420323 11423370
3005 11423371 11426829
3006 11426830 11428712
3007 11428713 11430262
3008 11430263 11435056
3009 11435057 11436823
3010 11436824 11438364
3011 11438365 11440851
3012 11440852 11444489
3013 11444490 11446575
3014 11446576 11448056
3015 11448057 11450890
3016 11450891 11458730
3017 11458731 11462085
3018 11462086 11465733
3019 11465734 11474630
3020 11474631 11478386
3021 11478387 11481233
3022 11481234 11483457
3023 11483458 11487047
3024 11487048 11490564
3025 11490565 11492657
3026 11492658 11494279
3027 11494280 11496095
3028 11496096 11502477
3029 11502478 11505698
3030 11505699 11507955
3031 11507956 11509837
3032 11509838 11513281
3033 11513282 11518807
3034 11518808 11520834
3035 11520835 11525006
3036 11525007 11527742
3037 11527743 11531521
3038 11531522 11533289
3039 11533290 11534848
3040 11534849 11536416
3041 11536417 11538056
3042 11538057 11541726
3043 11541727 11544481
3044 11544482 11548463
3045 11548464 11550864
3046 11550865 11553279
3047 11553280 11555888
3048 11555889 11558280
3049 11558281 11560834
3050 11560835 11584107
3051 11584108 11587341
3052 11587342 11590977
3053 11590978 11597315
3054 11597316 11600422
3055 11600423 11603737
3056 11603738 11607165
3057 11607166 11612420
3058 11612421 11614050
3059 11614051 11616657
3060 11616658 11620094
3061 11620095 11622562
3062 11622563 11623658
3063 11623659 11626037
3064 11626038 11631136
3065 11631137 11635379
3066 11635380 11638413
3067 11638414 11642206
3068 11642207 11644861
3069 11644862 11650297
3070 11650298 11652840
3071 11652841 11656645
3072 11656646 11657760
3073 11657761 11663090
3074 11663091 11664548
3075 11664549 11665778
3076 11665779 11667838
3077 11667839 11675297
3078 11675298 11678642
3079 11678643 11681195
3080 11681196 11681339
3081 11681340 11689859
3082 11689860 11694098
3083 11694099 11697338
3084 11697339 11710210
3085 11710211 11714799
3086 11714800 11717185
3087 11717186 11719627
3088 11719628 11720301
3089 11720302 11721692
3090 11721693 11731789
3091 11731790 11753565
3092 11753566 11754451
3093 11754452 11757979
3094 11757980 11761828
3095 11761829 11763265
3096 11763266 11764347
3097 11764348 11770121
3098 11770122 11771348
3099 11771349 11772273
3100 11772274 11783108
3101 11783109 11784478
3102 11784479 11802218
3103 11802219 11811706
3104 11811707 11814564
3105 11814565 11818549
3106 11818550 11819919
3107 11819920 11824532
3108 11824533 11830502
3109 11830503 11831576
3110 11831577 11832468
3111 11832469 11834784
3112 11834785 11842964
3113 11842965 11846233
3114 11846234 11848089
3115 11848090 11848633
3116 11848634 11850195
3117 11850196 11852485
3118 11852486 11856307
3119 11856308 11862255
3120 11862256 11863599
3121 11863600 11866781
3122 11866782 11868035
3123 11868036 11869363
3124 11869364 11870481
3125 11870482 11876031
3126 11876032 11876975
3127 11876976 11881353
3128 11881354 11881710
3129 11881711 11890599
3130 11890600 11894203
3131 11894204 11895823
3132 11895824 11897175
3133 11897176 11903584
3134 11903585 11907670
3135 11907671 11908934
3136 11908935 11911891
3137 11911892 11914561
3138 11914562 11916354
3139 11916355 11920478
3140 11920479 11933308
3141 11933309 11934796
3142 11934797 11938839
3143 11938840 11942432
3144 11942433 11943810
3145 11943811 11944911
3146 11944912 11948883
3147 11948884 11955769
3148 11955770 11968721
3149 11968722 11970318
3150 11970319 11971849
3151 11971850 11973315
3152 11973316 11975759
3153 11975760 11977930
3154 11977931 11979690
3155 11979691 11981467
3156 11981468 11982635
3157 11982636 11984284
3158 11984285 11985102
3159 11985103 11992136
3160 11992137 12000277
3161 12000278 12001767
3162 12001768 12002863
3163 12002864 12007543
3164 12007544 12009978
3165 12009979 12011156
3166 12011157 12017603
3167 12017604 12019386
3168 12019387 12026950
3169 12026951 12029128
3170 12029129 12035529
3171 12035530 12039533
3172 12039534 12040937
3173 12040938 12049281
3174 12049282 12056186
3175 12056187 12065726
3176 12065727 12069379
3177 12069380 12071615
3178 12071616 12075017
3179 12075018 12079756
3180 12079757 12081448
3181 12081449 12081606
3182 12081607 12082290
3183 12082291 12082965
3184 12082966 12083663
3185 12083664 12084340
3186 12084341 12085058
3187 12085059 12085754
3188 12085755 12086460
3189 12086461 12087113
3190 12087114 12087759
3191 12087760 12088430
3192 12088431 12089082
3193 12089083 12089816
3194 12089817 12090518
3195 12090519 12091191
3196 12091192 12091839
3197 12091840 12092529
3198 12092530 12093171
3199 12093172 12093845
3200 12093846 12094505
3201 12094506 12095154
3202 12095155 12095823
3203 12095824 12096485
3204 12096486 12097157
3205 12097158 12097823
3206 12097824 12098505
3207 12098506 12099223
3208 12099224 12099891
3209 12099892 12100592
3210 12100593 12101273
3211 12101274 12101950
3212 12101951 12102646
3213 12102647 12103324
3214 12103325 12104006
3215 12104007 12104722
3216 12104723 12105393
3217 12105394 12106094
3218 12106095 12106807
3219 12106808 12107494
3220 12107495 12108208
3221 12108209 12108883
3222 12108884 12109574
3223 12109575 12110295
3224 12110296 12110995
3225 12110996 12111674
3226 12111675 12112326
3227 12112327 12113013
3228 12113014 12113679
3229 12113680 12114354
3230 12114355 12115006
3231 12115007 12115687
3232 12115688 12116356
3233 12116357 12117022
3234 12117023 12117691
3235 12117692 12118352
3236 12118353 12119023
3237 12119024 12119740
3238 12119741 12120409
3239 12120410 12121112
3240 12121113 12121795
3241 12121796 12122439
3242 12122440 12123121
3243 12123122 12123800
3244 12123801 12124497
3245 12124498 12125178
3246 12125179 12125896
3247 12125897 12126549
3248 12126550 12127217
3249 12127218 12127918
3250 12127919 12128597
3251 12128598 12129279
3252 12129280 12129954
3253 12129955 12130635
3254 12130636 12131334
3255 12131335 12132050
3256 12132051 12132719
3257 12132720 12133417
3258 12133418 12134081
3259 12134082 12134809
3260 12134810 12135491
3261 12135492 12136150
3262 12136151 12136838
3263 12136839 12137509
3264 12137510 12138189
3265 12138190 12138859
3266 12138860 12139516
3267 12139517 12140184
3268 12140185 12140849
3269 12140850 12141531
3270 12141532 12142197
3271 12142198 12142917
3272 12142918 12143606
3273 12143607 12144280
3274 12144281 12144980
3275 12144981 12145650
3276 12145651 12146324
3277 12146325 12147001
3278 12147002 12147680
3279 12147681 12148357
3280 12148358 12149056
3281 12149057 12149736
3282 12149737 12150451
3283 12150452 12151124
3284 12151125 12151828
3285 12151829 12152537
3286 12152538 12153214
3287 12153215 12153867
3288 12153868 12154546
3289 12154547 12155222
3290 12155223 12155920
3291 12155921 12156602
3292 12156603 12157320
3293 12157321 12157993
3294 12157994 12158670
3295 12158671 12159341
3296 12159342 12160066
3297 12160067 12160769
3298 12160770 12161439
3299 12161440 12162121
3300 12162122 12162801
3301 12162802 12163457
3302 12163458 12164131
3303 12164132 12164800
3304 12164801 12165471
3305 12165472 12166130
3306 12166131 12166804
3307 12166805 12167473
3308 12167474 12168145
3309 12168146 12168816
3310 12168817 12169501
3311 12169502 12170217
3312 12170218 12170857
3313 12170858 12171555
3314 12171556 12172225
3315 12172226 12172925
3316 12172926 12173600
3317 12173601 12174312
3318 12174313 12175009
3319 12175010 12175692
3320 12175693 12176368
3321 12176369 12177080
3322 12177081 12177753
3323 12177754 12178482
3324 12178483 12179133
3325 12179134 12179795
3326 12179796 12180492
3327 12180493 12181174
3328 12181175 12181855
3329 12181856 12182542
3330 12182543 12183260
3331 12183261 12183938
3332 12183939 12184633
3333 12184634 12185341
3334 12185342 12186016
3335 12186017 12186699
3336 12186700 12187373
3337 12187374 12188096
3338 12188097 12188825
3339 12188826 12189502
3340 12189503 12190205
3341 12190206 12190879
3342 12190880 12191540
3343 12191541 12192207
3344 12192208 12192878
3345 12192879 12193546
3346 12193547 12194246
3347 12194247 12194926
3348 12194927 12195583
3349 12195584 12196240
3350 12196241 12196899
3351 12196900 12197570
3352 12197571 12198240
3353 12198241 12198939
3354 12198940 12199624
3355 12199625 12200331
3356 12200332 12201003
3357 12201004 12201714
3358 12201715 12202412
3359 12202413 12203088
3360 12203089 12203786
3361 12203787 12204474
3362 12204475 12205176
3363 12205177 12205860
3364 12205861 12206544
3365 12206545 12207254
3366 12207255 12207921
3367 12207922 12208620
3368 12208621 12209302
3369 12209303 12210013
3370 12210014 12210731
3371 12210732 12211401
3372 12211402 12212078
3373 12212079 12212777
3374 12212778 12213443
3375 12213444 12214115
3376 12214116 12214782
3377 12214783 12215448
3378 12215449 12216156
3379 12216157 12216819
3380 12216820 12217496
3381 12217497 12218161
3382 12218162 12218808
3383 12218809 12219473
3384 12219474 12220142
3385 12220143 12220796
3386 12220797 12221463
3387 12221464 12222127
3388 12222128 12222808
3389 12222809 12223470
3390 12223471 12224139
3391 12224140 12224845
3392 12224846 12225558
3393 12225559 12226287
3394 12226288 12226990
3395 12226991 12227659
3396 12227660 12228338
3397 12228339 12229034
3398 12229035 12229697
3399 12229698 12230398
3400 12230399 12231054
3401 12231055 12231726
3402 12231727 12232409
3403 12232410 12233077
3404 12233078 12233758
3405 12233759 12234464
3406 12234465 12235129
3407 12235130 12235787
3408 12235788 12236489
3409 12236490 12237161
3410 12237162 12237846
3411 12237847 12238506
3412 12238507 12239212
3413 12239213 12239882
3414 12239883 12240568
3415 12240569 12241240
3416 12241241 12241921
3417 12241922 12242642
3418 12242643 12243360
3419 12243361 12244088
3420 12244089 12244759
3421 12244760 12245498
3422 12245499 12246195
3423 12246196 12246861
3424 12246862 12247532
3425 12247533 12248192
3426 12248193 12248884
3427 12248885 12249535
3428 12249536 12250192
3429 12250193 12250872
3430 12250873 12251532
3431 12251533 12252210
3432 12252211 12252875
3433 12252876 12253567
3434 12253568 12254223
3435 12254224 12254928
3436 12254929 12255616
3437 12255617 12256287
3438 12256288 12256985
3439 12256986 12257652
3440 12257653 12258321
3441 12258322 12259026
3442 12259027 12259721
3443 12259722 12260391
3444 12260392 12261062
3445 12261063 12261744
3446 12261745 12262414
3447 12262415 12263115
3448 12263116 12263817
3449 12263818 12264484
3450 12264485 12265141
3451 12265142 12265849
3452 12265850 12266527
3453 12266528 12267198
3454 12267199 12267894
3455 12267895 12268576
3456 12268577 12269240
3457 12269241 12269940
3458 12269941 12270681
3459 12270682 12271382
3460 12271383 12272055
3461 12272056 12272773
3462 12272774 12273490
3463 12273491 12274200
3464 12274201 12274926
3465 12274927 12275655
3466 12275656 12276358
3467 12276359 12277056
3468 12277057 12277755
3469 12277756 12278471
3470 12278472 12279172
3471 12279173 12279854
3472 12279855 12280562
3473 12280563 12281215
3474 12281216 12281879
3475 12281880 12282580
3476 12282581 12283251
3477 12283252 12283962
3478 12283963 12284636
3479 12284637 12285332
3480 12285333 12286003
3481 12286004 12286680
3482 12286681 12287338
3483 12287339 12288041
3484 12288042 12288725
3485 12288726 12289373
3486 12289374 12290081
3487 12290082 12290759
3488 12290760 12291436
3489 12291437 12292137
3490 12292138 12292814
3491 12292815 12293525
3492 12293526 12294186
3493 12294187 12294933
3494 12294934 12295679
3495 12295680 12296419
3496 12296420 12297120
3497 12297121 12297805
3498 12297806 12298455
3499 12298456 12299116
3500 12299117 12299779
3501 12299780 12300450
3502 12300451 12301094
3503 12301095 12301784
3504 12301785 12302422
3505 12302423 12303070
3506 12303071 12303742
3507 12303743 12304393
3508 12304394 12305078
3509 12305079 12305788
3510 12305789 12306452
3511 12306453 12307153
3512 12307154 12307377
3513 12307378 12308064
3514 12308065 12308769
3515 12308770 12309480
3516 12309481 12310171
3517 12310172 12310845
3518 12310846 12311542
3519 12311543 12312217
3520 12312218 12312905
3521 12312906 12313569
3522 12313570 12314258
3523 12314259 12314961
3524 12314962 12315669
3525 12315670 12316333
3526 12316334 12317032
3527 12317033 12317730
3528 12317731 12318396
3529 12318397 12319125
3530 12319126 12319819
3531 12319820 12320472
3532 12320473 12321150
3533 12321151 12321814
3534 12321815 12322479
3535 12322480 12323141
3536 12323142 12323781
3537 12323782 12324444
3538 12324445 12325101
3539 12325102 12325764
3540 12325765 12326430
3541 12326431 12327089
3542 12327090 12327759
3543 12327760 12328466
3544 12328467 12329140
3545 12329141 12329839
3546 12329840 12330491
3547 12330492 12331171
3548 12331172 12331835
3549 12331836 12332564
3550 12332565 12333270
3551 12333271 12333973
3552 12333974 12334682
3553 12334683 12335356
3554 12335357 12336032
3555 12336033 12336700
3556 12336701 12337391
3557 12337392 12338051
3558 12338052 12338727
3559 12338728 12339397
3560 12339398 12340096
3561 12340097 12340765
3562 12340766 12341459
3563 12341460 12342168
3564 12342169 12342877
3565 12342878 12343561
3566 12343562 12344238
3567 12344239 12344922
3568 12344923 12345596
3569 12345597 12346295
3570 12346296 12346971
3571 12346972 12347653
3572 12347654 12348320
3573 12348321 12348979
3574 12348980 12349633
3575 12349634 12350296
3576 12350297 12350943
3577 12350944 12351604
3578 12351605 12352282
3579 12352283 12352943
3580 12352944 12353600
3581 12353601 12354306
3582 12354307 12354999
3583 12355000 12355672
3584 12355673 12356378
3585 12356379 12357079
3586 12357080 12357751
3587 12357752 12358459
3588 12358460 12359134
3589 12359135 12359810
3590 12359811 12360512
3591 12360513 12361200
3592 12361201 12361873
3593 12361874 12362571
3594 12362572 12363268
3595 12363269 12363940
3596 12363941 12364675
3597 12364676 12365363
3598 12365364 12366063
3599 12366064 12366718
3600 12366719 12367375
3601 12367376 12368025
3602 12368026 12368733
3603 12368734 12369435
3604 12369436 12370113
3605 12370114 12370790
3606 12370791 12371477
3607 12371478 12372146
3608 12372147 12372844
3609 12372845 12373520
3610 12373521 12374178
3611 12374179 12374842
3612 12374843 12375501
3613 12375502 12376153
3614 12376154 12376818
3615 12376819 12377474
3616 12377475 12378148
3617 12378149 12378787
3618 12378788 12379439
3619 12379440 12380108
3620 12380109 12380772
3621 12380773 12381480
3622 12381481 12382169
3623 12382170 12382865
3624 12382866 12383529
3625 12383530 12384207
3626 12384208 12384905
3627 12384906 12385562
3628 12385563 12386232
3629 12386233 12386904
3630 12386905 12387552
3631 12387553 12388204
3632 12388205 12388912
3633 12388913 12389584
3634 12389585 12390286
3635 12390287 12390956
3636 12390957 12391639
3637 12391640 12392305
3638 12392306 12392948
3639 12392949 12393646
3640 12393647 12394316
3641 12394317 12395024
3642 12395025 12395723
3643 12395724 12396394
3644 12396395 12397095
3645 12397096 12397765
3646 12397766 12398447
3647 12398448 12399111
3648 12399112 12399809
3649 12399810 12400461
3650 12400462 12401119
3651 12401120 12401797
3652 12401798 12402477
3653 12402478 12403130
3654 12403131 12403781
3655 12403782 12404485
3656 12404486 12405168
3657 12405169 12405820
3658 12405821 12406470
3659 12406471 12407178
3660 12407179 12407821
3661 12407822 12408503
3662 12408504 12409226
3663 12409227 12409908
3664 12409909 12410557
3665 12410558 12411213
3666 12411214 12411863
3667 12411864 12412527
3668 12412528 12413169
3669 12413170 12413833
3670 12413834 12414480
3671 12414481 12415126
3672 12415127 12415799
3673 12415800 12416454
3674 12416455 12417155
3675 12417156 12417824
3676 12417825 12418531
3677 12418532 12419169
3678 12419170 12419845
3679 12419846 12420511
3680 12420512 12420657
3681 12420658 12422155
3682 12422156 12425438
3683 12425439 12426660
3684 12426661 12428458
3685 12428459 12433033
3686 12433034 12434134
3687 12434135 12438376
3688 12438377 12440221
3689 12440222 12442388
3690 12442389 12447365
3691 12447366 12450016
3692 12450017 12452637
3693 12452638 12453018
3694 12453019 12454565
3695 12454566 12456085
3696 12456086 12458294
3697 12458295 12459807
3698 12459808 12460908
3699 12460909 12463595
3700 12463596 12464630
3701 12464631 12464979
3702 12464980 12469576
3703 12469577 12470880
3704 12470881 12471793
3705 12471794 12475731
3706 12475732 12477091
3707 12477092 12480239
3708 12480240 12482882
3709 12482883 12483438
3710 12483439 12484747
3711 12484748 12486005
3712 12486006 12488523
3713 12488524 12489740
3714 12489741 12497909
3715 12497910 12498519
3716 12498520 12499874
3717 12499875 12507309
3718 12507310 12511197
3719 12511198 12514932
3720 12514933 12518419
3721 12518420 12525448
3722 12525449 12530390
3723 12530391 12532070
3724 12532071 12533684
3725 12533685 12535741
3726 12535742 12537103
3727 12537104 12537629
3728 12537630 12539004
3729 12539005 12541321
3730 12541322 12545833
3731 12545834 12547391
3732 12547392 12558969
3733 12558970 12561042
3734 12561043 12561878
3735 12561879 12562816
3736 12562817 12563895
3737 12563896 12565739
3738 12565740 12566474
3739 12566475 12578065
3740 12578066 12579867
3741 12579868 12582851
3742 12582852 12586616
3743 12586617 12587585
3744 12587586 12589814
3745 12589815 12591062
3746 12591063 12595844
3747 12595845 12596174
3748 12596175 12603249
3749 12603250 12604311
3750 12604312 12606112
3751 12606113 12608698
3752 12608699 12610202
3753 12610203 12611467
3754 12611468 12618166
3755 12618167 12621725
3756 12621726 12622751
3757 12622752 12626305
3758 12626306 12627977
3759 12627978 12630992
3760 12630993 12632331
3761 12632332 12632859
3762 12632860 12633654
3763 12633655 12638510
3764 12638511 12639763
3765 12639764 12646229
3766 12646230 12648940
3767 12648941 12649403
3768 12649404 12653665
3769 12653666 12654205
3770 12654206 12655711
3771 12655712 12657856
3772 12657857 12660671
3773 12660672 12663866
3774 12663867 12665261
3775 12665262 12666814
3776 12666815 12667969
3777 12667970 12669439
3778 12669440 12671808
3779 12671809 12672418
3780 12672419 12672574
3781 12672575 12677909
3782 12677910 12679238
3783 12679239 12693859
3784 12693860 12694980
3785 12694981 12696322
3786 12696323 12701582
3787 12701583 12704109
3788 12704110 12707223
3789 12707224 12714122
3790 12714123 12720353
3791 12720354 12729582
3792 12729583 12741304
3793 12741305 12743402
3794 12743403 12749929
3795 12749930 12755771
3796 12755772 12765826
3797 12765827 12773559
3798 12773560 12779562
3799 12779563 12780810
3800 12780811 12785770
3801 12785771 12795777
3802 12795778 12801306
3803 12801307 12804368
3804 12804369 12806383
3805 12806384 12808362
3806 12808363 12810704
3807 12810705 12812549
3808 12812550 12813988
3809 12813989 12815507
3810 12815508 12817091
3811 12817092 12818749
3812 12818750 12822229
3813 12822230 12824799
3814 12824800 12840097
3815 12840098 12843423
3816 12843424 12851416
3817 12851417 12855115
3818 12855116 12858564
3819 12858565 12864739
3820 12864740 12867314
3821 12867315 12871023
3822 12871024 12873803
3823 12873804 12883189
3824 12883190 12884592
3825 12884593 12886543
3826 12886544 12891539
3827 12891540 12892960
3828 12892961 12894677
3829 12894678 12896532
3830 12896533 12899427
3831 12899428 12907615
3832 12907616 12915154
3833 12915155 12918664
3834 12918665 12928434
3835 12928435 12930098
3836 12930099 12931069
3837 12931070 12932743
3838 12932744 12936895
3839 12936896 12940676
3840 12940677 12941720
3841 12941721 12956832
3842 12956833 12960984
3843 12960985 12967513
3844 12967514 12971019
3845 12971020 12974536
3846 12974537 12975771
3847 12975772 12980583
3848 12980584 12981364
3849 12981365 12981882
3850 12981883 12989692
3851 12989693 12992570
3852 12992571 12996218
3853 12996219 12998972
3854 12998973 13000204
3855 13000205 13001216
3856 13001217 13003380
3857 13003381 13015262
3858 13015263 13020638
3859 13020639 13026557
3860 13026558 13028342
3861 13028343 13029411
3862 13029412 13052101
3863 13052102 13053627
3864 13053628 13060267
3865 13060268 13066700
3866 13066701 13076297
3867 13076298 13077946
3868 13077947 13081741
3869 13081742 13083860
3870 13083861 13084003
3871 13084004 13086836
3872 13086837 13089558
3873 13089559 13090824
3874 13090825 13091946
3875 13091947 13092823
3876 13092824 13093820
3877 13093821 13094832
3878 13094833 13097208
3879 13097209 13098968
3880 13098969 13100137
3881 13100138 13101056
3882 13101057 13102206
3883 13102207 13103580
3884 13103581 13104595
3885 13104596 13106561
3886 13106562 13109203
3887 13109204 13110495
3888 13110496 13113254
3889 13113255 13116089
3890 13116090 13119105
3891 13119106 13120184
3892 13120185 13123828
3893 13123829 13126390
3894 13126391 13130703
3895 13130704 13134052
3896 13134053 13139952
3897 13139953 13143270
3898 13143271 13144209
3899 13144210 13146555
3900 13146556 13151201
3901 13151202 13153532
3902 13153533 13154345
3903 13154346 13160169
3904 13160170 13161422
3905 13161423 13167456
3906 13167457 13168349
3907 13168350 13169986
3908 13169987 13170878
3909 13170879 13174171
3910 13174172 13180607
3911 13180608 13181452
3912 13181453 13184891
3913 13184892 13188947
3914 13188948 13190213
3915 13190214 13191313
3916 13191314 13193134
3917 13193135 13194688
3918 13194689 13197204
3919 13197205 13199719
3920 13199720 13201486
3921 13201487 13202884
3922 13202885 13205813
3923 13205814 13208269
3924 13208270 13209856
3925 13209857 13211736
3926 13211737 13212836
3927 13212837 13213806
3928 13213807 13217189
3929 13217190 13219166
3930 13219167 13221114
3931 13221115 13223357
3932 13223358 13225330
3933 13225331 13228473
3934 13228474 13230286
3935 13230287 13233502
3936 13233503 13237322
3937 13237323 13237858
3938 13237859 13238982
3939 13238983 13239811
3940 13239812 13242398
3941 13242399 13243474
3942 13243475 13245773
3943 13245774 13247654
3944 13247655 13249097
3945 13249098 13249840
3946 13249841 13251536
3947 13251537 13254093
3948 13254094 13255678
3949 13255679 13257983
3950 13257984 13260391
3951 13260392 13262659
3952 13262660 13263745
3953 13263746 13266284
3954 13266285 13267729
3955 13267730 13271934
3956 13271935 13274062
3957 13274063 13275871
3958 13275872 13278139
3959 13278140 13282371
3960 13282372 13282927
3961 13282928 13283776
3962 13283777 13286359
3963 13286360 13290617
3964 13290618 13294194
3965 13294195 13295117
3966 13295118 13299216
3967 13299217 13302749
3968 13302750 13303989
3969 13303990 13306403
3970 13306404 13309076
3971 13309077 13309220
3972 13309221 13309711
3973 13309712 13312893
3974 13312894 13315023
3975 13315024 13325236
3976 13325237 13326382
3977 13326383 13327744
3978 13327745 13332945
3979 13332946 13335497
3980 13335498 13342171
3981 13342172 13350016
3982 13350017 13351453
3983 13351454 13353244
3984 13353245 13355509
3985 13355510 13358942
3986 13358943 13360919
3987 13360920 13363040
3988 13363041 13369108
3989 13369109 13371203
3990 13371204 13372679
3991 13372680 13373805
3992 13373806 13377002
3993 13377003 13383336
3994 13383337 13385339
3995 13385340 13387750
3996 13387751 13390378
3997 13390379 13393010
3998 13393011 13396632
3999 13396633 13398064
4000 13398065 13406579
4001 13406580 13410508
4002 13410509 13412007
4003 13412008 13422472
4004 13422473 13426591
4005 13426592 13433813
4006 13433814 13443868
4007 13443869 13447247
4008 13447248 13453762
4009 13453763 13458154
4010 13458155 13462835
4011 13462836 13465848
4012 13465849 13467188
4013 13467189 13470281
4014 13470282 13472257
4015 13472258 13473946
4016 13473947 13475681
4017 13475682 13479054
4018 13479055 13481138
4019 13481139 13483287
4020 13483288 13484290
4021 13484291 13486203
4022 13486204 13490180
4023 13490181 13492398
4024 13492399 13497816
4025 13497817 13499580
4026 13499581 13501496
4027 13501497 13504060
4028 13504061 13506274
4029 13506275 13508673
4030 13508674 13510879
4031 13510880 13512692
4032 13512693 13515095
4033 13515096 13521133
4034 13521134 13526107
4035 13526108 13527755
4036 13527756 13541450
4037 13541451 13546842
4038 13546843 13547838
4039 13547839 13562363
4040 13562364 13564237
4041 13564238 13565862
4042 13565863 13566977
4043 13566978 13568514
4044 13568515 13570298
4045 13570299 13576396
4046 13576397 13579404
4047 13579405 13582502
4048 13582503 13584908
4049 13584909 13586882
4050 13586883 13589752
4051 13589753 13595175
4052 13595176 13610587
4053 13610588 13617846
4054 13617847 13621221
4055 13621222 13624475
4056 13624476 13627035
4057 13627036 13630015
4058 13630016 13631377
4059 13631378 13633694
4060 13633695 13638987
4061 13638988 13640618
4062 13640619 13641934
4063 13641935 13643658
4064 13643659 13645668
4065 13645669 13647752
4066 13647753 13650375
4067 13650376 13652423
4068 13652424 13653938
4069 13653939 13655447
4070 13655448 13656861
4071 13656862 13659371
4072 13659372 13659519
4073 13659520 13669196
4074 13669197 13671240
4075 13671241 13673118
4076 13673119 13675788
4077 13675789 13679000
4078 13679001 13688563
4079 13688564 13692050
4080 13692051 13700453
4081 13700454 13702615
4082 13702616 13704366
4083 13704367 13705456
4084 13705457 13706959
4085 13706960 13708039
4086 13708040 13709432
4087 13709433 13714817
4088 13714818 13719834
4089 13719835 13722010
4090 13722011 13723773
4091 13723774 13727814
4092 13727815 13730158
4093 13730159 13732439
4094 13732440 13740134
4095 13740135 13741474
4096 13741475 13742973
4097 13742974 13747277
4098 13747278 13748565
4099 13748566 13749821
4100 13749822 13751254
4101 13751255 13752964
4102 13752965 13758172
4103 13758173 13760719
4104 13760720 13762116
4105 13762117 13765322
4106 13765323 13776277
4107 13776278 13780130
4108 13780131 13789730
4109 13789731 13793539
4110 13793540 13795129
4111 13795130 13797266
4112 13797267 13804322
4113 13804323 13806210
4114 13806211 13813596
4115 13813597 13817006
4116 13817007 13818949
4117 13818950 13831860
4118 13831861 13837135
4119 13837136 13841835
4120 13841836 13843234
4121 13843235 13845731
4122 13845732 13848075
4123 13848076 13850251
4124 13850252 13853880
4125 13853881 13855283
4126 13855284 13866351
4127 13866352 13867543
4128 13867544 13868237
4129 13868238 13873019
4130 13873020 13875082
4131 13875083 13876399
4132 13876400 13877323
4133 13877324 13884758
4134 13884759 13887896
4135 13887897 13889813
4136 13889814 13892713
4137 13892714 13893706
4138 13893707 13895049
4139 13895050 13896427
4140 13896428 13896977
4141 13896978 13900971
4142 13900972 13905614
4143 13905615 13910594
4144 13910595 13913861
4145 13913862 13916094
4146 13916095 13916976
4147 13916977 13917784
4148 13917785 13919051
4149 13919052 13924758
4150 13924759 13926371
4151 13926372 13927161
4152 13927162 13928868
4153 13928869 13941869
4154 13941870 13942445
4155 13942446 13944309
4156 13944310 13946803
4157 13946804 13949148
4158 13949149 13951858
4159 13951859 13953530
4160 13953531 13954174
4161 13954175 13956357
4162 13956358 13958576
4163 13958577 13960799
4164 13960800 13963145
4165 13963146 13965303
4166 13965304 13965807
4167 13965808 13968258
4168 13968259 13969514
4169 13969515 13972638
4170 13972639 13974220
4171 13974221 13974949
4172 13974950 13976016
